# starting loop
topic2 ,PUB,9,0,14:23:48.221025,14:23:48.224006,0:00:01.116124,0:00:01.116124
topic2 ,PUB,9,1,14:23:48.232211,14:23:48.234221,0:00:01.126339,0:00:00.010215
topic2 ,PUB,9,2,14:23:48.245891,14:23:48.247582,0:00:01.139700,0:00:00.013361
topic2 ,PUB,9,3,14:23:48.259652,14:23:48.264196,0:00:01.156314,0:00:00.016614
topic2 ,PUB,9,4,14:23:48.287347,14:23:48.289984,0:00:01.182102,0:00:00.025788
topic2 ,PUB,9,5,14:23:48.300080,14:23:48.301071,0:00:01.193189,0:00:00.011087
topic2 ,PUB,9,6,14:23:48.310670,14:23:48.313761,0:00:01.205879,0:00:00.012690
topic2 ,PUB,9,7,14:23:48.329707,14:23:48.332233,0:00:01.224351,0:00:00.018472
topic2 ,PUB,9,8,14:23:48.345200,14:23:48.353456,0:00:01.245574,0:00:00.021223
topic2 ,PUB,9,9,14:23:48.356147,14:23:48.358331,0:00:01.250449,0:00:00.004875
topic2 ,PUB,9,10,14:23:48.366711,14:23:48.376431,0:00:01.268549,0:00:00.018100
topic2 ,PUB,9,11,14:23:48.384439,14:23:48.385554,0:00:01.277672,0:00:00.009123
topic2 ,PUB,9,12,14:23:48.394920,14:23:48.397681,0:00:01.289799,0:00:00.012127
topic2 ,PUB,9,13,14:23:48.408545,14:23:48.412024,0:00:01.304142,0:00:00.014343
topic2 ,PUB,9,14,14:23:48.419087,14:23:48.420791,0:00:01.312909,0:00:00.008767
topic2 ,PUB,9,15,14:23:48.431967,14:23:48.432979,0:00:01.325097,0:00:00.012188
topic2 ,PUB,9,16,14:23:48.449643,14:23:48.452424,0:00:01.344542,0:00:00.019445
topic2 ,PUB,9,17,14:23:48.460178,14:23:48.462667,0:00:01.354785,0:00:00.010243
topic2 ,PUB,9,18,14:23:48.474002,14:23:48.475011,0:00:01.367129,0:00:00.012344
topic2 ,PUB,9,19,14:23:48.484971,14:23:48.487735,0:00:01.379853,0:00:00.012724
topic2 ,PUB,9,20,14:23:48.495881,14:23:48.498070,0:00:01.390188,0:00:00.010335
topic2 ,PUB,9,21,14:23:48.515512,14:23:48.521532,0:00:01.413650,0:00:00.023462
topic2 ,PUB,9,22,14:23:48.531968,14:23:48.534170,0:00:01.426288,0:00:00.012638
topic2 ,PUB,9,23,14:23:48.550721,14:23:48.556487,0:00:01.448605,0:00:00.022317
topic2 ,PUB,9,24,14:23:48.563898,14:23:48.566685,0:00:01.458803,0:00:00.010198
topic2 ,PUB,9,25,14:23:48.574325,14:23:48.585468,0:00:01.477586,0:00:00.018783
topic2 ,PUB,9,26,14:23:48.586367,14:23:48.593950,0:00:01.486068,0:00:00.008482
topic2 ,PUB,9,27,14:23:48.612928,14:23:48.615860,0:00:01.507978,0:00:00.021910
topic2 ,PUB,9,28,14:23:48.632063,14:23:48.635595,0:00:01.527713,0:00:00.019735
topic2 ,PUB,9,29,14:23:48.651621,14:23:48.653590,0:00:01.545708,0:00:00.017995
topic2 ,PUB,9,30,14:23:48.664219,14:23:48.680919,0:00:01.573037,0:00:00.027329
topic2 ,PUB,9,31,14:23:48.696473,14:23:48.707978,0:00:01.600096,0:00:00.027059
topic2 ,PUB,9,32,14:23:48.713678,14:23:48.716615,0:00:01.608733,0:00:00.008637
topic2 ,PUB,9,33,14:23:48.775788,14:23:48.777880,0:00:01.669998,0:00:00.061265
topic2 ,PUB,9,34,14:23:48.818911,14:23:48.821739,0:00:01.713857,0:00:00.043859
topic2 ,PUB,9,35,14:23:48.857245,14:23:48.859844,0:00:01.751962,0:00:00.038105
topic2 ,PUB,9,36,14:23:49.001591,14:23:49.003051,0:00:01.895169,0:00:00.143207
topic2 ,PUB,9,37,14:23:49.012981,14:23:49.020156,0:00:01.912274,0:00:00.017105
topic2 ,PUB,9,38,14:23:49.028130,14:23:49.029994,0:00:01.922112,0:00:00.009838
topic2 ,PUB,9,39,14:23:49.038734,14:23:49.044693,0:00:01.936811,0:00:00.014699
topic2 ,PUB,9,40,14:23:49.051154,14:23:49.055835,0:00:01.947953,0:00:00.011142
topic2 ,PUB,9,41,14:23:49.063127,14:23:49.064557,0:00:01.956675,0:00:00.008722
topic2 ,PUB,9,42,14:23:49.075529,14:23:49.081092,0:00:01.973210,0:00:00.016535
topic2 ,PUB,9,43,14:23:49.088017,14:23:49.092766,0:00:01.984884,0:00:00.011674
topic2 ,PUB,9,44,14:23:49.098881,14:23:49.101086,0:00:01.993204,0:00:00.008320
topic2 ,PUB,9,45,14:23:49.109546,14:23:49.111231,0:00:02.003349,0:00:00.010145
topic2 ,PUB,9,46,14:23:49.120530,14:23:49.125563,0:00:02.017681,0:00:00.014332
topic2 ,PUB,9,47,14:23:49.131751,14:23:49.134660,0:00:02.026778,0:00:00.009097
topic2 ,PUB,9,48,14:23:49.144296,14:23:49.145494,0:00:02.037612,0:00:00.010834
topic2 ,PUB,9,49,14:23:49.156837,14:23:49.159335,0:00:02.051453,0:00:00.013841
topic2 ,PUB,9,50,14:23:49.170178,14:23:49.186916,0:00:02.079034,0:00:00.027581
topic2 ,PUB,9,51,14:23:49.188533,14:23:49.197188,0:00:02.089306,0:00:00.010272
topic2 ,PUB,9,52,14:23:49.203578,14:23:49.206365,0:00:02.098483,0:00:00.009177
topic2 ,PUB,9,53,14:23:49.214830,14:23:49.217650,0:00:02.109768,0:00:00.011285
topic2 ,PUB,9,54,14:23:49.226228,14:23:49.228798,0:00:02.120916,0:00:00.011148
topic2 ,PUB,9,55,14:23:49.253032,14:23:49.256860,0:00:02.148978,0:00:00.028062
topic2 ,PUB,9,56,14:23:49.268404,14:23:49.269435,0:00:02.161553,0:00:00.012575
topic2 ,PUB,9,57,14:23:49.280396,14:23:49.282104,0:00:02.174222,0:00:00.012669
topic2 ,PUB,9,58,14:23:49.291183,14:23:49.295950,0:00:02.188068,0:00:00.013846
topic2 ,PUB,9,59,14:23:49.302476,14:23:49.305755,0:00:02.197873,0:00:00.009805
topic2 ,PUB,9,60,14:23:49.314024,14:23:49.317913,0:00:02.210031,0:00:00.012158
topic2 ,PUB,9,61,14:23:49.333248,14:23:49.334751,0:00:02.226869,0:00:00.016838
topic2 ,PUB,9,62,14:23:49.345826,14:23:49.346703,0:00:02.238821,0:00:00.011952
topic2 ,PUB,9,63,14:23:49.361663,14:23:49.364027,0:00:02.256145,0:00:00.017324
topic2 ,PUB,9,64,14:23:49.373610,14:23:49.378839,0:00:02.270957,0:00:00.014812
topic2 ,PUB,9,65,14:23:49.384997,14:23:49.386386,0:00:02.278504,0:00:00.007547
topic2 ,PUB,9,66,14:23:49.396062,14:23:49.397797,0:00:02.289915,0:00:00.011411
topic2 ,PUB,9,67,14:23:49.409677,14:23:49.411362,0:00:02.303480,0:00:00.013565
topic2 ,PUB,9,68,14:23:49.420301,14:23:49.421466,0:00:02.313584,0:00:00.010104
topic2 ,PUB,9,69,14:23:49.431082,14:23:49.438099,0:00:02.330217,0:00:00.016633
topic2 ,PUB,9,70,14:23:49.442849,14:23:49.447020,0:00:02.339138,0:00:00.008921
topic2 ,PUB,9,71,14:23:49.454343,14:23:49.457513,0:00:02.349631,0:00:00.010493
topic2 ,PUB,9,72,14:23:49.469154,14:23:49.470575,0:00:02.362693,0:00:00.013062
topic2 ,PUB,9,73,14:23:49.479700,14:23:49.481493,0:00:02.373611,0:00:00.010918
topic2 ,PUB,9,74,14:23:49.490580,14:23:49.492581,0:00:02.384699,0:00:00.011088
topic2 ,PUB,9,75,14:23:49.502988,14:23:49.505090,0:00:02.397208,0:00:00.012509
topic2 ,PUB,9,76,14:23:49.520972,14:23:49.523639,0:00:02.415757,0:00:00.018549
topic2 ,PUB,9,77,14:23:49.532649,14:23:49.533706,0:00:02.425824,0:00:00.010067
topic2 ,PUB,9,78,14:23:49.543709,14:23:49.544699,0:00:02.436817,0:00:00.010993
topic2 ,PUB,9,79,14:23:49.554604,14:23:49.556039,0:00:02.448157,0:00:00.011340
topic2 ,PUB,9,80,14:23:49.565491,14:23:49.567541,0:00:02.459659,0:00:00.011502
topic2 ,PUB,9,81,14:23:49.576956,14:23:49.578678,0:00:02.470796,0:00:00.011137
topic2 ,PUB,9,82,14:23:49.587718,14:23:49.590362,0:00:02.482480,0:00:00.011684
topic2 ,PUB,9,83,14:23:49.598609,14:23:49.600745,0:00:02.492863,0:00:00.010383
topic2 ,PUB,9,84,14:23:49.609449,14:23:49.610408,0:00:02.502526,0:00:00.009663
topic2 ,PUB,9,85,14:23:49.620004,14:23:49.628025,0:00:02.520143,0:00:00.017617
topic2 ,PUB,9,86,14:23:49.632607,14:23:49.635026,0:00:02.527144,0:00:00.007001
topic2 ,PUB,9,87,14:23:49.644074,14:23:49.645748,0:00:02.537866,0:00:00.010722
topic2 ,PUB,9,88,14:23:49.655198,14:23:49.659829,0:00:02.551947,0:00:00.014081
topic2 ,PUB,9,89,14:23:49.677718,14:23:49.680946,0:00:02.573064,0:00:00.021117
topic2 ,PUB,9,90,14:23:49.689015,14:23:49.690192,0:00:02.582310,0:00:00.009246
topic2 ,PUB,9,91,14:23:49.699872,14:23:49.701423,0:00:02.593541,0:00:00.011231
topic2 ,PUB,9,92,14:23:49.711234,14:23:49.713537,0:00:02.605655,0:00:00.012114
topic2 ,PUB,9,93,14:23:49.722482,14:23:49.724874,0:00:02.616992,0:00:00.011337
topic2 ,PUB,9,94,14:23:49.733095,14:23:49.734301,0:00:02.626419,0:00:00.009427
topic2 ,PUB,9,95,14:23:49.745090,14:23:49.747634,0:00:02.639752,0:00:00.013333
topic2 ,PUB,9,96,14:23:49.755759,14:23:49.761542,0:00:02.653660,0:00:00.013908
topic2 ,PUB,9,97,14:23:49.766609,14:23:49.769815,0:00:02.661933,0:00:00.008273
topic2 ,PUB,9,98,14:23:49.777713,14:23:49.779420,0:00:02.671538,0:00:00.009605
topic2 ,PUB,9,99,14:23:49.788267,14:23:49.789980,0:00:02.682098,0:00:00.010560
topic2 ,PUB,9,100,14:23:49.799110,14:23:49.801566,0:00:02.693684,0:00:00.011586
topic2 ,PUB,9,101,14:23:49.812655,14:23:49.814393,0:00:02.706511,0:00:00.012827
topic2 ,PUB,9,102,14:23:49.823225,14:23:49.825965,0:00:02.718083,0:00:00.011572
topic2 ,PUB,9,103,14:23:49.835374,14:23:49.837264,0:00:02.729382,0:00:00.011299
topic2 ,PUB,9,104,14:23:49.847836,14:23:49.850858,0:00:02.742976,0:00:00.013594
topic2 ,PUB,9,105,14:23:49.868371,14:23:49.870000,0:00:02.762118,0:00:00.019142
topic2 ,PUB,9,106,14:23:49.879454,14:23:49.881681,0:00:02.773799,0:00:00.011681
topic2 ,PUB,9,107,14:23:49.891020,14:23:49.892805,0:00:02.784923,0:00:00.011124
topic2 ,PUB,9,108,14:23:49.902593,14:23:49.904397,0:00:02.796515,0:00:00.011592
topic2 ,PUB,9,109,14:23:49.913235,14:23:49.915321,0:00:02.807439,0:00:00.010924
topic2 ,PUB,9,110,14:23:49.923786,14:23:49.925086,0:00:02.817204,0:00:00.009765
topic2 ,PUB,9,111,14:23:49.934842,14:23:49.936551,0:00:02.828669,0:00:00.011465
topic2 ,PUB,9,112,14:23:49.946787,14:23:49.948721,0:00:02.840839,0:00:00.012170
topic2 ,PUB,9,113,14:23:49.957361,14:23:49.959811,0:00:02.851929,0:00:00.011090
topic2 ,PUB,9,114,14:23:49.968486,14:23:49.970560,0:00:02.862678,0:00:00.010749
topic2 ,PUB,9,115,14:23:49.979505,14:23:49.981048,0:00:02.873166,0:00:00.010488
topic2 ,PUB,9,116,14:23:49.990423,14:23:49.992719,0:00:02.884837,0:00:00.011671
topic2 ,PUB,9,117,14:23:50.001068,14:23:50.002753,0:00:02.894871,0:00:00.010034
topic2 ,PUB,9,118,14:23:50.011629,14:23:50.013114,0:00:02.905232,0:00:00.010361
topic2 ,PUB,9,119,14:23:50.023275,14:23:50.025762,0:00:02.917880,0:00:00.012648
topic2 ,PUB,9,120,14:23:50.034311,14:23:50.036220,0:00:02.928338,0:00:00.010458
topic2 ,PUB,9,121,14:23:50.045005,14:23:50.048408,0:00:02.940526,0:00:00.012188
topic2 ,PUB,9,122,14:23:50.056304,14:23:50.057750,0:00:02.949868,0:00:00.009342
topic2 ,PUB,9,123,14:23:50.066617,14:23:50.068508,0:00:02.960626,0:00:00.010758
topic2 ,PUB,9,124,14:23:50.077011,14:23:50.078252,0:00:02.970370,0:00:00.009744
topic2 ,PUB,9,125,14:23:50.087815,14:23:50.089533,0:00:02.981651,0:00:00.011281
topic2 ,PUB,9,126,14:23:50.098567,14:23:50.100398,0:00:02.992516,0:00:00.010865
topic2 ,PUB,9,127,14:23:50.110467,14:23:50.112973,0:00:03.005091,0:00:00.012575
topic2 ,PUB,9,128,14:23:50.121607,14:23:50.125226,0:00:03.017344,0:00:00.012253
topic2 ,PUB,9,129,14:23:50.132891,14:23:50.134795,0:00:03.026913,0:00:00.009569
topic2 ,PUB,9,130,14:23:50.143632,14:23:50.145095,0:00:03.037213,0:00:00.010300
topic2 ,PUB,9,131,14:23:50.157646,14:23:50.159747,0:00:03.051865,0:00:00.014652
topic2 ,PUB,9,132,14:23:50.188882,14:23:50.191153,0:00:03.083271,0:00:00.031406
topic2 ,PUB,9,133,14:23:50.200568,14:23:50.201700,0:00:03.093818,0:00:00.010547
topic2 ,PUB,9,134,14:23:50.211647,14:23:50.213155,0:00:03.105273,0:00:00.011455
topic2 ,PUB,9,135,14:23:50.237247,14:23:50.240130,0:00:03.132248,0:00:00.026975
topic2 ,PUB,9,136,14:23:50.247943,14:23:50.248891,0:00:03.141009,0:00:00.008761
topic2 ,PUB,9,137,14:23:50.259909,14:23:50.261264,0:00:03.153382,0:00:00.012373
topic2 ,PUB,9,138,14:23:50.270756,14:23:50.272211,0:00:03.164329,0:00:00.010947
topic2 ,PUB,9,139,14:23:50.282249,14:23:50.283186,0:00:03.175304,0:00:00.010975
topic2 ,PUB,9,140,14:23:50.293617,14:23:50.294665,0:00:03.186783,0:00:00.011479
topic2 ,PUB,9,141,14:23:50.304582,14:23:50.305525,0:00:03.197643,0:00:00.010860
topic2 ,PUB,9,142,14:23:50.316708,14:23:50.319000,0:00:03.211118,0:00:00.013475
topic2 ,PUB,9,143,14:23:50.328516,14:23:50.331604,0:00:03.223722,0:00:00.012604
topic2 ,PUB,9,144,14:23:50.354298,14:23:50.356646,0:00:03.248764,0:00:00.025042
topic2 ,PUB,9,145,14:23:50.366175,14:23:50.367864,0:00:03.259982,0:00:00.011218
topic2 ,PUB,9,146,14:23:50.381709,14:23:50.383168,0:00:03.275286,0:00:00.015304
topic2 ,PUB,9,147,14:23:50.394875,14:23:50.396491,0:00:03.288609,0:00:00.013323
topic2 ,PUB,9,148,14:23:50.410273,14:23:50.412642,0:00:03.304760,0:00:00.016151
topic2 ,PUB,9,149,14:23:50.421006,14:23:50.422123,0:00:03.314241,0:00:00.009481
topic2 ,PUB,9,150,14:23:50.431760,14:23:50.434073,0:00:03.326191,0:00:00.011950
topic2 ,PUB,9,151,14:23:50.442966,14:23:50.444149,0:00:03.336267,0:00:00.010076
topic2 ,PUB,9,152,14:23:50.454408,14:23:50.456077,0:00:03.348195,0:00:00.011928
topic2 ,PUB,9,153,14:23:50.464727,14:23:50.465358,0:00:03.357476,0:00:00.009281
topic2 ,PUB,9,154,14:23:50.475516,14:23:50.476677,0:00:03.368795,0:00:00.011319
topic2 ,PUB,9,155,14:23:50.486217,14:23:50.486902,0:00:03.379020,0:00:00.010225
topic2 ,PUB,9,156,14:23:50.496980,14:23:50.498715,0:00:03.390833,0:00:00.011813
topic2 ,PUB,9,157,14:23:50.508069,14:23:50.508736,0:00:03.400854,0:00:00.010021
topic2 ,PUB,9,158,14:23:50.518509,14:23:50.520378,0:00:03.412496,0:00:00.011642
topic2 ,PUB,9,159,14:23:50.529220,14:23:50.531192,0:00:03.423310,0:00:00.010814
topic2 ,PUB,9,160,14:23:50.540348,14:23:50.540929,0:00:03.433047,0:00:00.009737
topic2 ,PUB,9,161,14:23:50.551992,14:23:50.552822,0:00:03.444940,0:00:00.011893
topic2 ,PUB,9,162,14:23:50.564863,14:23:50.566012,0:00:03.458130,0:00:00.013190
topic2 ,PUB,9,163,14:23:50.575927,14:23:50.577600,0:00:03.469718,0:00:00.011588
topic2 ,PUB,9,164,14:23:50.590170,14:23:50.591910,0:00:03.484028,0:00:00.014310
topic2 ,PUB,9,165,14:23:50.605178,14:23:50.606155,0:00:03.498273,0:00:00.014245
topic2 ,PUB,9,166,14:23:50.618154,14:23:50.623188,0:00:03.515306,0:00:00.017033
topic2 ,PUB,9,167,14:23:50.636597,14:23:50.637298,0:00:03.529416,0:00:00.014110
topic2 ,PUB,9,168,14:23:50.648628,14:23:50.649551,0:00:03.541669,0:00:00.012253
topic2 ,PUB,9,169,14:23:50.659209,14:23:50.659975,0:00:03.552093,0:00:00.010424
topic2 ,PUB,9,170,14:23:50.671823,14:23:50.672517,0:00:03.564635,0:00:00.012542
topic2 ,PUB,9,171,14:23:50.682427,14:23:50.683714,0:00:03.575832,0:00:00.011197
topic2 ,PUB,9,172,14:23:50.693602,14:23:50.694162,0:00:03.586280,0:00:00.010448
topic2 ,PUB,9,173,14:23:50.704441,14:23:50.705136,0:00:03.597254,0:00:00.010974
topic2 ,PUB,9,174,14:23:50.724851,14:23:50.729676,0:00:03.621794,0:00:00.024540
topic2 ,PUB,9,175,14:23:50.736270,14:23:50.738014,0:00:03.630132,0:00:00.008338
topic2 ,PUB,9,176,14:23:50.747030,14:23:50.748464,0:00:03.640582,0:00:00.010450
topic2 ,PUB,9,177,14:23:50.758293,14:23:50.761579,0:00:03.653697,0:00:00.013115
topic2 ,PUB,9,178,14:23:50.768916,14:23:50.769995,0:00:03.662113,0:00:00.008416
topic2 ,PUB,9,179,14:23:50.779325,14:23:50.780390,0:00:03.672508,0:00:00.010395
topic2 ,PUB,9,180,14:23:50.791977,14:23:50.793459,0:00:03.685577,0:00:00.013069
topic2 ,PUB,9,181,14:23:50.804295,14:23:50.805112,0:00:03.697230,0:00:00.011653
topic2 ,PUB,9,182,14:23:50.824104,14:23:50.825103,0:00:03.717221,0:00:00.019991
topic2 ,PUB,9,183,14:23:50.835066,14:23:50.836213,0:00:03.728331,0:00:00.011110
topic2 ,PUB,9,184,14:23:50.848184,14:23:50.849030,0:00:03.741148,0:00:00.012817
topic2 ,PUB,9,185,14:23:50.860299,14:23:50.861145,0:00:03.753263,0:00:00.012115
topic2 ,PUB,9,186,14:23:50.870822,14:23:50.871620,0:00:03.763738,0:00:00.010475
topic2 ,PUB,9,187,14:23:50.894130,14:23:50.896671,0:00:03.788789,0:00:00.025051
topic2 ,PUB,9,188,14:23:50.904497,14:23:50.906388,0:00:03.798506,0:00:00.009717
topic2 ,PUB,9,189,14:23:50.915086,14:23:50.917174,0:00:03.809292,0:00:00.010786
topic2 ,PUB,9,190,14:23:50.926607,14:23:50.927482,0:00:03.819600,0:00:00.010308
topic2 ,PUB,9,191,14:23:50.937439,14:23:50.938332,0:00:03.830450,0:00:00.010850
topic2 ,PUB,9,192,14:23:50.951165,14:23:50.952461,0:00:03.844579,0:00:00.014129
topic2 ,PUB,9,193,14:23:50.981529,14:23:50.982099,0:00:03.874217,0:00:00.029638
topic2 ,PUB,9,194,14:23:50.992483,14:23:50.993915,0:00:03.886033,0:00:00.011816
topic2 ,PUB,9,195,14:23:51.005878,14:23:51.006871,0:00:03.898989,0:00:00.012956
topic2 ,PUB,9,196,14:23:51.024447,14:23:51.025849,0:00:03.917967,0:00:00.018978
topic2 ,PUB,9,197,14:23:51.037741,14:23:51.045460,0:00:03.937578,0:00:00.019611
topic2 ,PUB,9,198,14:23:51.058536,14:23:51.059870,0:00:03.951988,0:00:00.014410
topic2 ,PUB,9,199,14:23:51.069218,14:23:51.070242,0:00:03.962360,0:00:00.010372
# starting loop
topic2 ,PUB,7,0,14:25:08.518905,14:25:08.520266,0:00:01.803696,0:00:01.803696
topic2 ,PUB,7,1,14:25:08.535567,14:25:08.538028,0:00:01.821458,0:00:00.017762
topic2 ,PUB,7,2,14:25:08.546599,14:25:08.547732,0:00:01.831162,0:00:00.009704
topic2 ,PUB,7,3,14:25:08.557895,14:25:08.559204,0:00:01.842634,0:00:00.011472
topic2 ,PUB,7,4,14:25:08.568567,14:25:08.572032,0:00:01.855462,0:00:00.012828
topic2 ,PUB,7,5,14:25:08.580011,14:25:08.582024,0:00:01.865454,0:00:00.009992
topic2 ,PUB,7,6,14:25:08.590583,14:25:08.592340,0:00:01.875770,0:00:00.010316
topic2 ,PUB,7,7,14:25:08.601151,14:25:08.602280,0:00:01.885710,0:00:00.009940
topic2 ,PUB,7,8,14:25:08.612153,14:25:08.613502,0:00:01.896932,0:00:00.011222
topic2 ,PUB,7,9,14:25:08.622782,14:25:08.623805,0:00:01.907235,0:00:00.010303
topic2 ,PUB,7,10,14:25:08.633647,14:25:08.636054,0:00:01.919484,0:00:00.012249
topic2 ,PUB,7,11,14:25:08.645542,14:25:08.647197,0:00:01.930627,0:00:00.011143
topic2 ,PUB,7,12,14:25:08.657549,14:25:08.661060,0:00:01.944490,0:00:00.013863
topic2 ,PUB,7,13,14:25:08.670038,14:25:08.671851,0:00:01.955281,0:00:00.010791
topic2 ,PUB,7,14,14:25:08.680497,14:25:08.685109,0:00:01.968539,0:00:00.013258
topic2 ,PUB,7,15,14:25:08.691183,14:25:08.692335,0:00:01.975765,0:00:00.007226
topic2 ,PUB,7,16,14:25:08.703943,14:25:08.704914,0:00:01.988344,0:00:00.012579
topic2 ,PUB,7,17,14:25:08.714947,14:25:08.717043,0:00:02.000473,0:00:00.012129
topic2 ,PUB,7,18,14:25:08.729690,14:25:08.731458,0:00:02.014888,0:00:00.014415
topic2 ,PUB,7,19,14:25:08.740299,14:25:08.740786,0:00:02.024216,0:00:00.009328
topic2 ,PUB,7,20,14:25:08.771406,14:25:08.772776,0:00:02.056206,0:00:00.031990
topic2 ,PUB,7,21,14:25:08.783604,14:25:08.784750,0:00:02.068180,0:00:00.011974
topic2 ,PUB,7,22,14:25:08.796204,14:25:08.798066,0:00:02.081496,0:00:00.013316
topic2 ,PUB,7,23,14:25:08.809075,14:25:08.809927,0:00:02.093357,0:00:00.011861
topic2 ,PUB,7,24,14:25:08.821455,14:25:08.822520,0:00:02.105950,0:00:00.012593
topic2 ,PUB,7,25,14:25:08.832164,14:25:08.833094,0:00:02.116524,0:00:00.010574
topic2 ,PUB,7,26,14:25:08.843576,14:25:08.845462,0:00:02.128892,0:00:00.012368
topic2 ,PUB,7,27,14:25:08.854966,14:25:08.856855,0:00:02.140285,0:00:00.011393
topic2 ,PUB,7,28,14:25:08.866088,14:25:08.867168,0:00:02.150598,0:00:00.010313
topic2 ,PUB,7,29,14:25:08.876830,14:25:08.877672,0:00:02.161102,0:00:00.010504
topic2 ,PUB,7,30,14:25:08.887396,14:25:08.888382,0:00:02.171812,0:00:00.010710
topic2 ,PUB,7,31,14:25:08.897955,14:25:08.900354,0:00:02.183784,0:00:00.011972
topic2 ,PUB,7,32,14:25:08.908886,14:25:08.909784,0:00:02.193214,0:00:00.009430
topic2 ,PUB,7,33,14:25:08.919581,14:25:08.920256,0:00:02.203686,0:00:00.010472
topic2 ,PUB,7,34,14:25:08.930366,14:25:08.932195,0:00:02.215625,0:00:00.011939
topic2 ,PUB,7,35,14:25:08.941041,14:25:08.941825,0:00:02.225255,0:00:00.009630
topic2 ,PUB,7,36,14:25:08.951965,14:25:08.952693,0:00:02.236123,0:00:00.010868
topic2 ,PUB,7,37,14:25:08.962301,14:25:08.963334,0:00:02.246764,0:00:00.010641
topic2 ,PUB,7,38,14:25:08.973306,14:25:08.974297,0:00:02.257727,0:00:00.010963
topic2 ,PUB,7,39,14:25:08.983631,14:25:08.985078,0:00:02.268508,0:00:00.010781
topic2 ,PUB,7,40,14:25:08.994867,14:25:08.995968,0:00:02.279398,0:00:00.010890
topic2 ,PUB,7,41,14:25:09.006439,14:25:09.008055,0:00:02.291485,0:00:00.012087
topic2 ,PUB,7,42,14:25:09.016868,14:25:09.017626,0:00:02.301056,0:00:00.009571
topic2 ,PUB,7,43,14:25:09.028387,14:25:09.029591,0:00:02.313021,0:00:00.011965
topic2 ,PUB,7,44,14:25:09.042422,14:25:09.044142,0:00:02.327572,0:00:00.014551
topic2 ,PUB,7,45,14:25:09.053079,14:25:09.054596,0:00:02.338026,0:00:00.010454
topic2 ,PUB,7,46,14:25:09.063452,14:25:09.064479,0:00:02.347909,0:00:00.009883
topic2 ,PUB,7,47,14:25:09.080358,14:25:09.082570,0:00:02.366000,0:00:00.018091
topic2 ,PUB,7,48,14:25:09.112333,14:25:09.115848,0:00:02.399278,0:00:00.033278
topic2 ,PUB,7,49,14:25:09.125440,14:25:09.126424,0:00:02.409854,0:00:00.010576
topic2 ,PUB,7,50,14:25:09.136156,14:25:09.137803,0:00:02.421233,0:00:00.011379
topic2 ,PUB,7,51,14:25:09.147914,14:25:09.151664,0:00:02.435094,0:00:00.013861
topic2 ,PUB,7,52,14:25:09.159111,14:25:09.171694,0:00:02.455124,0:00:00.020030
topic2 ,PUB,7,53,14:25:09.170776,14:25:09.173745,0:00:02.457175,0:00:00.002051
topic2 ,PUB,7,54,14:25:09.214529,14:25:09.215960,0:00:02.499390,0:00:00.042215
topic2 ,PUB,7,55,14:25:09.239135,14:25:09.241586,0:00:02.525016,0:00:00.025626
topic2 ,PUB,7,56,14:25:09.251551,14:25:09.253842,0:00:02.537272,0:00:00.012256
topic2 ,PUB,7,57,14:25:09.267656,14:25:09.268788,0:00:02.552218,0:00:00.014946
topic2 ,PUB,7,58,14:25:09.287446,14:25:09.290427,0:00:02.573857,0:00:00.021639
topic2 ,PUB,7,59,14:25:09.298388,14:25:09.301001,0:00:02.584431,0:00:00.010574
topic2 ,PUB,7,60,14:25:09.310277,14:25:09.312157,0:00:02.595587,0:00:00.011156
topic2 ,PUB,7,61,14:25:09.323240,14:25:09.324643,0:00:02.608073,0:00:00.012486
topic2 ,PUB,7,62,14:25:09.338876,14:25:09.341029,0:00:02.624459,0:00:00.016386
topic2 ,PUB,7,63,14:25:09.350831,14:25:09.351705,0:00:02.635135,0:00:00.010676
topic2 ,PUB,7,64,14:25:09.362190,14:25:09.365724,0:00:02.649154,0:00:00.014019
topic2 ,PUB,7,65,14:25:09.374043,14:25:09.381720,0:00:02.665150,0:00:00.015996
topic2 ,PUB,7,66,14:25:09.389242,14:25:09.392578,0:00:02.676008,0:00:00.010858
topic2 ,PUB,7,67,14:25:09.400417,14:25:09.401419,0:00:02.684849,0:00:00.008841
topic2 ,PUB,7,68,14:25:09.411681,14:25:09.413265,0:00:02.696695,0:00:00.011846
topic2 ,PUB,7,69,14:25:09.422832,14:25:09.424568,0:00:02.707998,0:00:00.011303
topic2 ,PUB,7,70,14:25:09.434619,14:25:09.437291,0:00:02.720721,0:00:00.012723
topic2 ,PUB,7,71,14:25:09.445048,14:25:09.446306,0:00:02.729736,0:00:00.009015
topic2 ,PUB,7,72,14:25:09.456065,14:25:09.457287,0:00:02.740717,0:00:00.010981
topic2 ,PUB,7,73,14:25:09.466694,14:25:09.468877,0:00:02.752307,0:00:00.011590
topic2 ,PUB,7,74,14:25:09.477817,14:25:09.479127,0:00:02.762557,0:00:00.010250
topic2 ,PUB,7,75,14:25:09.488483,14:25:09.490894,0:00:02.774324,0:00:00.011767
topic2 ,PUB,7,76,14:25:09.500070,14:25:09.502278,0:00:02.785708,0:00:00.011384
topic2 ,PUB,7,77,14:25:09.510902,14:25:09.513008,0:00:02.796438,0:00:00.010730
topic2 ,PUB,7,78,14:25:09.521829,14:25:09.525485,0:00:02.808915,0:00:00.012477
topic2 ,PUB,7,79,14:25:09.534437,14:25:09.537774,0:00:02.821204,0:00:00.012289
topic2 ,PUB,7,80,14:25:09.545669,14:25:09.547171,0:00:02.830601,0:00:00.009397
topic2 ,PUB,7,81,14:25:09.556453,14:25:09.557868,0:00:02.841298,0:00:00.010697
topic2 ,PUB,7,82,14:25:09.568286,14:25:09.569968,0:00:02.853398,0:00:00.012100
topic2 ,PUB,7,83,14:25:09.579090,14:25:09.582384,0:00:02.865814,0:00:00.012416
topic2 ,PUB,7,84,14:25:09.591626,14:25:09.592900,0:00:02.876330,0:00:00.010516
topic2 ,PUB,7,85,14:25:09.603609,14:25:09.608603,0:00:02.892033,0:00:00.015703
topic2 ,PUB,7,86,14:25:09.614575,14:25:09.618100,0:00:02.901530,0:00:00.009497
topic2 ,PUB,7,87,14:25:09.626406,14:25:09.627980,0:00:02.911410,0:00:00.009880
topic2 ,PUB,7,88,14:25:09.639603,14:25:09.642712,0:00:02.926142,0:00:00.014732
topic2 ,PUB,7,89,14:25:09.652278,14:25:09.681375,0:00:02.964805,0:00:00.038663
topic2 ,PUB,7,90,14:25:09.681353,14:25:09.683551,0:00:02.966981,0:00:00.002176
topic2 ,PUB,7,91,14:25:09.692953,14:25:09.694428,0:00:02.977858,0:00:00.010877
topic2 ,PUB,7,92,14:25:09.704349,14:25:09.710847,0:00:02.994277,0:00:00.016419
topic2 ,PUB,7,93,14:25:09.715678,14:25:09.725529,0:00:03.008959,0:00:00.014682
topic2 ,PUB,7,94,14:25:09.726641,14:25:09.729790,0:00:03.013220,0:00:00.004261
topic2 ,PUB,7,95,14:25:09.737469,14:25:09.738544,0:00:03.021974,0:00:00.008754
topic2 ,PUB,7,96,14:25:09.748865,14:25:09.750433,0:00:03.033863,0:00:00.011889
topic2 ,PUB,7,97,14:25:09.759848,14:25:09.769228,0:00:03.052658,0:00:00.018795
topic2 ,PUB,7,98,14:25:09.770945,14:25:09.784917,0:00:03.068347,0:00:00.015689
topic2 ,PUB,7,99,14:25:09.782228,14:25:09.785064,0:00:03.068494,0:00:00.000147
topic2 ,PUB,7,100,14:25:09.793170,14:25:09.796228,0:00:03.079658,0:00:00.011164
topic2 ,PUB,7,101,14:25:09.804593,14:25:09.806311,0:00:03.089741,0:00:00.010083
topic2 ,PUB,7,102,14:25:09.815679,14:25:09.817655,0:00:03.101085,0:00:00.011344
topic2 ,PUB,7,103,14:25:09.829761,14:25:09.832622,0:00:03.116052,0:00:00.014967
topic2 ,PUB,7,104,14:25:09.848217,14:25:09.850290,0:00:03.133720,0:00:00.017668
topic2 ,PUB,7,105,14:25:09.859860,14:25:09.861495,0:00:03.144925,0:00:00.011205
topic2 ,PUB,7,106,14:25:09.871121,14:25:09.873478,0:00:03.156908,0:00:00.011983
topic2 ,PUB,7,107,14:25:09.883107,14:25:09.888139,0:00:03.171569,0:00:00.014661
topic2 ,PUB,7,108,14:25:09.901129,14:25:09.904491,0:00:03.187921,0:00:00.016352
topic2 ,PUB,7,109,14:25:09.912294,14:25:09.913175,0:00:03.196605,0:00:00.008684
topic2 ,PUB,7,110,14:25:09.922891,14:25:09.924579,0:00:03.208009,0:00:00.011404
topic2 ,PUB,7,111,14:25:09.934004,14:25:09.936239,0:00:03.219669,0:00:00.011660
topic2 ,PUB,7,112,14:25:09.945029,14:25:09.946665,0:00:03.230095,0:00:00.010426
topic2 ,PUB,7,113,14:25:09.955925,14:25:09.957876,0:00:03.241306,0:00:00.011211
topic2 ,PUB,7,114,14:25:09.967064,14:25:09.968607,0:00:03.252037,0:00:00.010731
topic2 ,PUB,7,115,14:25:09.978704,14:25:09.980401,0:00:03.263831,0:00:00.011794
topic2 ,PUB,7,116,14:25:09.992157,14:25:09.993908,0:00:03.277338,0:00:00.013507
topic2 ,PUB,7,117,14:25:10.003995,14:25:10.004883,0:00:03.288313,0:00:00.010975
topic2 ,PUB,7,118,14:25:10.015587,14:25:10.018365,0:00:03.301795,0:00:00.013482
topic2 ,PUB,7,119,14:25:10.029034,14:25:10.031680,0:00:03.315110,0:00:00.013315
topic2 ,PUB,7,120,14:25:10.042217,14:25:10.044970,0:00:03.328400,0:00:00.013290
topic2 ,PUB,7,121,14:25:10.052888,14:25:10.053679,0:00:03.337109,0:00:00.008709
topic2 ,PUB,7,122,14:25:10.069056,14:25:10.070252,0:00:03.353682,0:00:00.016573
topic2 ,PUB,7,123,14:25:10.084071,14:25:10.086134,0:00:03.369564,0:00:00.015882
topic2 ,PUB,7,124,14:25:10.095881,14:25:10.097360,0:00:03.380790,0:00:00.011226
topic2 ,PUB,7,125,14:25:10.107641,14:25:10.109697,0:00:03.393127,0:00:00.012337
topic2 ,PUB,7,126,14:25:10.120192,14:25:10.121863,0:00:03.405293,0:00:00.012166
topic2 ,PUB,7,127,14:25:10.132805,14:25:10.133838,0:00:03.417268,0:00:00.011975
topic2 ,PUB,7,128,14:25:10.144966,14:25:10.146720,0:00:03.430150,0:00:00.012882
topic2 ,PUB,7,129,14:25:10.159747,14:25:10.161504,0:00:03.444934,0:00:00.014784
topic2 ,PUB,7,130,14:25:10.171817,14:25:10.172924,0:00:03.456354,0:00:00.011420
topic2 ,PUB,7,131,14:25:10.199750,14:25:10.202442,0:00:03.485872,0:00:00.029518
topic2 ,PUB,7,132,14:25:10.211230,14:25:10.213039,0:00:03.496469,0:00:00.010597
topic2 ,PUB,7,133,14:25:10.222662,14:25:10.224304,0:00:03.507734,0:00:00.011265
topic2 ,PUB,7,134,14:25:10.233811,14:25:10.236628,0:00:03.520058,0:00:00.012324
topic2 ,PUB,7,135,14:25:10.246882,14:25:10.249175,0:00:03.532605,0:00:00.012547
topic2 ,PUB,7,136,14:25:10.260261,14:25:10.263902,0:00:03.547332,0:00:00.014727
topic2 ,PUB,7,137,14:25:10.277958,14:25:10.288385,0:00:03.571815,0:00:00.024483
topic2 ,PUB,7,138,14:25:10.305359,14:25:10.307730,0:00:03.591160,0:00:00.019345
topic2 ,PUB,7,139,14:25:10.327515,14:25:10.331627,0:00:03.615057,0:00:00.023897
topic2 ,PUB,7,140,14:25:10.338214,14:25:10.339717,0:00:03.623147,0:00:00.008090
topic2 ,PUB,7,141,14:25:10.351222,14:25:10.353802,0:00:03.637232,0:00:00.014085
topic2 ,PUB,7,142,14:25:10.362041,14:25:10.364293,0:00:03.647723,0:00:00.010491
topic2 ,PUB,7,143,14:25:10.372867,14:25:10.374423,0:00:03.657853,0:00:00.010130
topic2 ,PUB,7,144,14:25:10.384226,14:25:10.385714,0:00:03.669144,0:00:00.011291
topic2 ,PUB,7,145,14:25:10.394847,14:25:10.401659,0:00:03.685089,0:00:00.015945
topic2 ,PUB,7,146,14:25:10.407101,14:25:10.408871,0:00:03.692301,0:00:00.007212
topic2 ,PUB,7,147,14:25:10.420096,14:25:10.423415,0:00:03.706845,0:00:00.014544
topic2 ,PUB,7,148,14:25:10.431031,14:25:10.433955,0:00:03.717385,0:00:00.010540
topic2 ,PUB,7,149,14:25:10.444021,14:25:10.446837,0:00:03.730267,0:00:00.012882
topic2 ,PUB,7,150,14:25:10.460139,14:25:10.461826,0:00:03.745256,0:00:00.014989
topic2 ,PUB,7,151,14:25:10.470923,14:25:10.472042,0:00:03.755472,0:00:00.010216
topic2 ,PUB,7,152,14:25:10.481578,14:25:10.483991,0:00:03.767421,0:00:00.011949
topic2 ,PUB,7,153,14:25:10.496031,14:25:10.497645,0:00:03.781075,0:00:00.013654
topic2 ,PUB,7,154,14:25:10.509731,14:25:10.512010,0:00:03.795440,0:00:00.014365
topic2 ,PUB,7,155,14:25:10.521435,14:25:10.525401,0:00:03.808831,0:00:00.013391
topic2 ,PUB,7,156,14:25:10.535868,14:25:10.537976,0:00:03.821406,0:00:00.012575
topic2 ,PUB,7,157,14:25:10.546981,14:25:10.548996,0:00:03.832426,0:00:00.011020
topic2 ,PUB,7,158,14:25:10.560608,14:25:10.562162,0:00:03.845592,0:00:00.013166
topic2 ,PUB,7,159,14:25:10.571578,14:25:10.573916,0:00:03.857346,0:00:00.011754
topic2 ,PUB,7,160,14:25:10.584787,14:25:10.586861,0:00:03.870291,0:00:00.012945
topic2 ,PUB,7,161,14:25:10.601780,14:25:10.604524,0:00:03.887954,0:00:00.017663
topic2 ,PUB,7,162,14:25:10.613562,14:25:10.618116,0:00:03.901546,0:00:00.013592
topic2 ,PUB,7,163,14:25:10.630766,14:25:10.635794,0:00:03.919224,0:00:00.017678
topic2 ,PUB,7,164,14:25:10.644012,14:25:10.647217,0:00:03.930647,0:00:00.011423
topic2 ,PUB,7,165,14:25:10.655630,14:25:10.660362,0:00:03.943792,0:00:00.013145
topic2 ,PUB,7,166,14:25:10.668300,14:25:10.672516,0:00:03.955946,0:00:00.012154
topic2 ,PUB,7,167,14:25:10.683358,14:25:10.688152,0:00:03.971582,0:00:00.015636
topic2 ,PUB,7,168,14:25:10.694153,14:25:10.696025,0:00:03.979455,0:00:00.007873
topic2 ,PUB,7,169,14:25:10.704518,14:25:10.708405,0:00:03.991835,0:00:00.012380
topic2 ,PUB,7,170,14:25:10.716208,14:25:10.718594,0:00:04.002024,0:00:00.010189
topic2 ,PUB,7,171,14:25:10.727642,14:25:10.729580,0:00:04.013010,0:00:00.010986
topic2 ,PUB,7,172,14:25:10.744545,14:25:10.747109,0:00:04.030539,0:00:00.017529
topic2 ,PUB,7,173,14:25:10.759742,14:25:10.761877,0:00:04.045307,0:00:00.014768
topic2 ,PUB,7,174,14:25:10.773205,14:25:10.777994,0:00:04.061424,0:00:00.016117
topic2 ,PUB,7,175,14:25:10.792059,14:25:10.796555,0:00:04.079985,0:00:00.018561
topic2 ,PUB,7,176,14:25:10.804390,14:25:10.808228,0:00:04.091658,0:00:00.011673
topic2 ,PUB,7,177,14:25:10.818318,14:25:10.823189,0:00:04.106619,0:00:00.014961
topic2 ,PUB,7,178,14:25:10.832493,14:25:10.833772,0:00:04.117202,0:00:00.010583
topic2 ,PUB,7,179,14:25:10.843698,14:25:10.845037,0:00:04.128467,0:00:00.011265
topic2 ,PUB,7,180,14:25:10.855168,14:25:10.858469,0:00:04.141899,0:00:00.013432
topic2 ,PUB,7,181,14:25:10.866154,14:25:10.867255,0:00:04.150685,0:00:00.008786
topic2 ,PUB,7,182,14:25:10.877304,14:25:10.880587,0:00:04.164017,0:00:00.013332
topic2 ,PUB,7,183,14:25:10.892913,14:25:10.893681,0:00:04.177111,0:00:00.013094
topic2 ,PUB,7,184,14:25:10.903637,14:25:10.907123,0:00:04.190553,0:00:00.013442
topic2 ,PUB,7,185,14:25:10.915095,14:25:10.918386,0:00:04.201816,0:00:00.011263
topic2 ,PUB,7,186,14:25:10.927341,14:25:10.929327,0:00:04.212757,0:00:00.010941
topic2 ,PUB,7,187,14:25:10.941564,14:25:10.945414,0:00:04.228844,0:00:00.016087
topic2 ,PUB,7,188,14:25:10.952611,14:25:10.954302,0:00:04.237732,0:00:00.008888
topic2 ,PUB,7,189,14:25:10.963037,14:25:10.964348,0:00:04.247778,0:00:00.010046
topic2 ,PUB,7,190,14:25:10.975705,14:25:10.977611,0:00:04.261041,0:00:00.013263
topic2 ,PUB,7,191,14:25:10.988868,14:25:10.992295,0:00:04.275725,0:00:00.014684
topic2 ,PUB,7,192,14:25:10.999632,14:25:11.000922,0:00:04.284352,0:00:00.008627
topic2 ,PUB,7,193,14:25:11.010816,14:25:11.013759,0:00:04.297189,0:00:00.012837
topic2 ,PUB,7,194,14:25:11.024024,14:25:11.027574,0:00:04.311004,0:00:00.013815
topic2 ,PUB,7,195,14:25:11.085238,14:25:11.090184,0:00:04.373614,0:00:00.062610
topic2 ,PUB,7,196,14:25:11.096188,14:25:11.097997,0:00:04.381427,0:00:00.007813
topic2 ,PUB,7,197,14:25:11.107519,14:25:11.110171,0:00:04.393601,0:00:00.012174
topic2 ,PUB,7,198,14:25:11.118263,14:25:11.120151,0:00:04.403581,0:00:00.009980
topic2 ,PUB,7,199,14:25:11.129825,14:25:11.131256,0:00:04.414686,0:00:00.011105
