# starting loop
topic2 ,PUB,9,0,14:23:48.221025,14:23:48.222336,0:00:01.305244,0:00:01.305244
topic2 ,PUB,9,1,14:23:48.232211,14:23:48.233660,0:00:01.316568,0:00:00.011324
topic2 ,PUB,9,2,14:23:48.245891,14:23:48.247027,0:00:01.329935,0:00:00.013367
topic2 ,PUB,9,3,14:23:48.259652,14:23:48.261976,0:00:01.344884,0:00:00.014949
topic2 ,PUB,9,4,14:23:48.287347,14:23:48.289644,0:00:01.372552,0:00:00.027668
topic2 ,PUB,9,5,14:23:48.300080,14:23:48.304629,0:00:01.387537,0:00:00.014985
topic2 ,PUB,9,6,14:23:48.310670,14:23:48.317934,0:00:01.400842,0:00:00.013305
topic2 ,PUB,9,7,14:23:48.329707,14:23:48.333164,0:00:01.416072,0:00:00.015230
topic2 ,PUB,9,8,14:23:48.345200,14:23:48.352041,0:00:01.434949,0:00:00.018877
topic2 ,PUB,9,9,14:23:48.356147,14:23:48.357731,0:00:01.440639,0:00:00.005690
topic2 ,PUB,9,10,14:23:48.366711,14:23:48.375383,0:00:01.458291,0:00:00.017652
topic2 ,PUB,9,11,14:23:48.384439,14:23:48.386071,0:00:01.468979,0:00:00.010688
topic2 ,PUB,9,12,14:23:48.394920,14:23:48.396799,0:00:01.479707,0:00:00.010728
topic2 ,PUB,9,13,14:23:48.408545,14:23:48.410579,0:00:01.493487,0:00:00.013780
topic2 ,PUB,9,14,14:23:48.419087,14:23:48.420597,0:00:01.503505,0:00:00.010018
topic2 ,PUB,9,15,14:23:48.431967,14:23:48.436188,0:00:01.519096,0:00:00.015591
topic2 ,PUB,9,16,14:23:48.449643,14:23:48.452566,0:00:01.535474,0:00:00.016378
topic2 ,PUB,9,17,14:23:48.460178,14:23:48.462015,0:00:01.544923,0:00:00.009449
topic2 ,PUB,9,18,14:23:48.474002,14:23:48.475683,0:00:01.558591,0:00:00.013668
topic2 ,PUB,9,19,14:23:48.484971,14:23:48.486015,0:00:01.568923,0:00:00.010332
topic2 ,PUB,9,20,14:23:48.495881,14:23:48.497356,0:00:01.580264,0:00:00.011341
topic2 ,PUB,9,21,14:23:48.515512,14:23:48.518914,0:00:01.601822,0:00:00.021558
topic2 ,PUB,9,22,14:23:48.531968,14:23:48.533508,0:00:01.616416,0:00:00.014594
topic2 ,PUB,9,23,14:23:48.550721,14:23:48.556685,0:00:01.639593,0:00:00.023177
topic2 ,PUB,9,24,14:23:48.563898,14:23:48.569865,0:00:01.652773,0:00:00.013180
topic2 ,PUB,9,25,14:23:48.574325,14:23:48.583872,0:00:01.666780,0:00:00.014007
topic2 ,PUB,9,26,14:23:48.586367,14:23:48.596430,0:00:01.679338,0:00:00.012558
topic2 ,PUB,9,27,14:23:48.612928,14:23:48.615972,0:00:01.698880,0:00:00.019542
topic2 ,PUB,9,28,14:23:48.632063,14:23:48.635873,0:00:01.718781,0:00:00.019901
topic2 ,PUB,9,29,14:23:48.651621,14:23:48.652947,0:00:01.735855,0:00:00.017074
topic2 ,PUB,9,30,14:23:48.664219,14:23:48.688234,0:00:01.771142,0:00:00.035287
topic2 ,PUB,9,31,14:23:48.696473,14:23:48.710039,0:00:01.792947,0:00:00.021805
topic2 ,PUB,9,32,14:23:48.713678,14:23:48.725375,0:00:01.808283,0:00:00.015336
topic2 ,PUB,9,33,14:23:48.775788,14:23:48.783853,0:00:01.866761,0:00:00.058478
topic2 ,PUB,9,34,14:23:48.818911,14:23:48.821145,0:00:01.904053,0:00:00.037292
topic2 ,PUB,9,35,14:23:48.857245,14:23:48.860486,0:00:01.943394,0:00:00.039341
topic2 ,PUB,9,36,14:23:49.001591,14:23:49.002930,0:00:02.085838,0:00:00.142444
topic2 ,PUB,9,37,14:23:49.012981,14:23:49.020519,0:00:02.103427,0:00:00.017589
topic2 ,PUB,9,38,14:23:49.028130,14:23:49.029307,0:00:02.112215,0:00:00.008788
topic2 ,PUB,9,39,14:23:49.038734,14:23:49.044855,0:00:02.127763,0:00:00.015548
topic2 ,PUB,9,40,14:23:49.051154,14:23:49.055561,0:00:02.138469,0:00:00.010706
topic2 ,PUB,9,41,14:23:49.063127,14:23:49.064978,0:00:02.147886,0:00:00.009417
topic2 ,PUB,9,42,14:23:49.075529,14:23:49.079096,0:00:02.162004,0:00:00.014118
topic2 ,PUB,9,43,14:23:49.088017,14:23:49.089650,0:00:02.172558,0:00:00.010554
topic2 ,PUB,9,44,14:23:49.098881,14:23:49.099858,0:00:02.182766,0:00:00.010208
topic2 ,PUB,9,45,14:23:49.109546,14:23:49.112186,0:00:02.195094,0:00:00.012328
topic2 ,PUB,9,46,14:23:49.120530,14:23:49.122370,0:00:02.205278,0:00:00.010184
topic2 ,PUB,9,47,14:23:49.131751,14:23:49.132869,0:00:02.215777,0:00:00.010499
topic2 ,PUB,9,48,14:23:49.144296,14:23:49.145370,0:00:02.228278,0:00:00.012501
topic2 ,PUB,9,49,14:23:49.156837,14:23:49.158080,0:00:02.240988,0:00:00.012710
topic2 ,PUB,9,50,14:23:49.170178,14:23:49.187925,0:00:02.270833,0:00:00.029845
topic2 ,PUB,9,51,14:23:49.188533,14:23:49.189054,0:00:02.271962,0:00:00.001129
topic2 ,PUB,9,52,14:23:49.203578,14:23:49.205445,0:00:02.288353,0:00:00.016391
topic2 ,PUB,9,53,14:23:49.214830,14:23:49.218580,0:00:02.301488,0:00:00.013135
topic2 ,PUB,9,54,14:23:49.226228,14:23:49.226911,0:00:02.309819,0:00:00.008331
topic2 ,PUB,9,55,14:23:49.253032,14:23:49.256817,0:00:02.339725,0:00:00.029906
topic2 ,PUB,9,56,14:23:49.268404,14:23:49.269468,0:00:02.352376,0:00:00.012651
topic2 ,PUB,9,57,14:23:49.280396,14:23:49.282161,0:00:02.365069,0:00:00.012693
topic2 ,PUB,9,58,14:23:49.291183,14:23:49.294021,0:00:02.376929,0:00:00.011860
topic2 ,PUB,9,59,14:23:49.302476,14:23:49.305092,0:00:02.388000,0:00:00.011071
topic2 ,PUB,9,60,14:23:49.314024,14:23:49.317736,0:00:02.400644,0:00:00.012644
topic2 ,PUB,9,61,14:23:49.333248,14:23:49.334179,0:00:02.417087,0:00:00.016443
topic2 ,PUB,9,62,14:23:49.345826,14:23:49.346402,0:00:02.429310,0:00:00.012223
topic2 ,PUB,9,63,14:23:49.361663,14:23:49.363409,0:00:02.446317,0:00:00.017007
topic2 ,PUB,9,64,14:23:49.373610,14:23:49.374418,0:00:02.457326,0:00:00.011009
topic2 ,PUB,9,65,14:23:49.384997,14:23:49.386726,0:00:02.469634,0:00:00.012308
topic2 ,PUB,9,66,14:23:49.396062,14:23:49.396903,0:00:02.479811,0:00:00.010177
topic2 ,PUB,9,67,14:23:49.409677,14:23:49.410650,0:00:02.493558,0:00:00.013747
topic2 ,PUB,9,68,14:23:49.420301,14:23:49.422099,0:00:02.505007,0:00:00.011449
topic2 ,PUB,9,69,14:23:49.431082,14:23:49.440838,0:00:02.523746,0:00:00.018739
topic2 ,PUB,9,70,14:23:49.442849,14:23:49.443607,0:00:02.526515,0:00:00.002769
topic2 ,PUB,9,71,14:23:49.454343,14:23:49.455622,0:00:02.538530,0:00:00.012015
topic2 ,PUB,9,72,14:23:49.469154,14:23:49.470547,0:00:02.553455,0:00:00.014925
topic2 ,PUB,9,73,14:23:49.479700,14:23:49.482207,0:00:02.565115,0:00:00.011660
topic2 ,PUB,9,74,14:23:49.490580,14:23:49.493383,0:00:02.576291,0:00:00.011176
topic2 ,PUB,9,75,14:23:49.502988,14:23:49.505782,0:00:02.588690,0:00:00.012399
topic2 ,PUB,9,76,14:23:49.520972,14:23:49.523431,0:00:02.606339,0:00:00.017649
topic2 ,PUB,9,77,14:23:49.532649,14:23:49.533958,0:00:02.616866,0:00:00.010527
topic2 ,PUB,9,78,14:23:49.543709,14:23:49.544789,0:00:02.627697,0:00:00.010831
topic2 ,PUB,9,79,14:23:49.554604,14:23:49.555806,0:00:02.638714,0:00:00.011017
topic2 ,PUB,9,80,14:23:49.565491,14:23:49.567674,0:00:02.650582,0:00:00.011868
topic2 ,PUB,9,81,14:23:49.576956,14:23:49.578028,0:00:02.660936,0:00:00.010354
topic2 ,PUB,9,82,14:23:49.587718,14:23:49.589458,0:00:02.672366,0:00:00.011430
topic2 ,PUB,9,83,14:23:49.598609,14:23:49.601040,0:00:02.683948,0:00:00.011582
topic2 ,PUB,9,84,14:23:49.609449,14:23:49.610687,0:00:02.693595,0:00:00.009647
topic2 ,PUB,9,85,14:23:49.620004,14:23:49.627360,0:00:02.710268,0:00:00.016673
topic2 ,PUB,9,86,14:23:49.632607,14:23:49.634461,0:00:02.717369,0:00:00.007101
topic2 ,PUB,9,87,14:23:49.644074,14:23:49.645242,0:00:02.728150,0:00:00.010781
topic2 ,PUB,9,88,14:23:49.655198,14:23:49.658998,0:00:02.741906,0:00:00.013756
topic2 ,PUB,9,89,14:23:49.677718,14:23:49.681187,0:00:02.764095,0:00:00.022189
topic2 ,PUB,9,90,14:23:49.689015,14:23:49.689967,0:00:02.772875,0:00:00.008780
topic2 ,PUB,9,91,14:23:49.699872,14:23:49.701102,0:00:02.784010,0:00:00.011135
topic2 ,PUB,9,92,14:23:49.711234,14:23:49.713297,0:00:02.796205,0:00:00.012195
topic2 ,PUB,9,93,14:23:49.722482,14:23:49.724326,0:00:02.807234,0:00:00.011029
topic2 ,PUB,9,94,14:23:49.733095,14:23:49.734124,0:00:02.817032,0:00:00.009798
topic2 ,PUB,9,95,14:23:49.745090,14:23:49.746928,0:00:02.829836,0:00:00.012804
topic2 ,PUB,9,96,14:23:49.755759,14:23:49.761356,0:00:02.844264,0:00:00.014428
topic2 ,PUB,9,97,14:23:49.766609,14:23:49.769473,0:00:02.852381,0:00:00.008117
topic2 ,PUB,9,98,14:23:49.777713,14:23:49.778360,0:00:02.861268,0:00:00.008887
topic2 ,PUB,9,99,14:23:49.788267,14:23:49.789592,0:00:02.872500,0:00:00.011232
topic2 ,PUB,9,100,14:23:49.799110,14:23:49.801117,0:00:02.884025,0:00:00.011525
topic2 ,PUB,9,101,14:23:49.812655,14:23:49.813894,0:00:02.896802,0:00:00.012777
topic2 ,PUB,9,102,14:23:49.823225,14:23:49.825773,0:00:02.908681,0:00:00.011879
topic2 ,PUB,9,103,14:23:49.835374,14:23:49.837117,0:00:02.920025,0:00:00.011344
topic2 ,PUB,9,104,14:23:49.847836,14:23:49.850721,0:00:02.933629,0:00:00.013604
topic2 ,PUB,9,105,14:23:49.868371,14:23:49.869347,0:00:02.952255,0:00:00.018626
topic2 ,PUB,9,106,14:23:49.879454,14:23:49.880698,0:00:02.963606,0:00:00.011351
topic2 ,PUB,9,107,14:23:49.891020,14:23:49.892439,0:00:02.975347,0:00:00.011741
topic2 ,PUB,9,108,14:23:49.902593,14:23:49.904260,0:00:02.987168,0:00:00.011821
topic2 ,PUB,9,109,14:23:49.913235,14:23:49.914528,0:00:02.997436,0:00:00.010268
topic2 ,PUB,9,110,14:23:49.923786,14:23:49.924847,0:00:03.007755,0:00:00.010319
topic2 ,PUB,9,111,14:23:49.934842,14:23:49.936276,0:00:03.019184,0:00:00.011429
topic2 ,PUB,9,112,14:23:49.946787,14:23:49.948472,0:00:03.031380,0:00:00.012196
topic2 ,PUB,9,113,14:23:49.957361,14:23:49.959275,0:00:03.042183,0:00:00.010803
topic2 ,PUB,9,114,14:23:49.968486,14:23:49.970353,0:00:03.053261,0:00:00.011078
topic2 ,PUB,9,115,14:23:49.979505,14:23:49.980777,0:00:03.063685,0:00:00.010424
topic2 ,PUB,9,116,14:23:49.990423,14:23:49.992532,0:00:03.075440,0:00:00.011755
topic2 ,PUB,9,117,14:23:50.001068,14:23:50.002418,0:00:03.085326,0:00:00.009886
topic2 ,PUB,9,118,14:23:50.011629,14:23:50.012556,0:00:03.095464,0:00:00.010138
topic2 ,PUB,9,119,14:23:50.023275,14:23:50.025627,0:00:03.108535,0:00:00.013071
topic2 ,PUB,9,120,14:23:50.034311,14:23:50.036035,0:00:03.118943,0:00:00.010408
topic2 ,PUB,9,121,14:23:50.045005,14:23:50.048273,0:00:03.131181,0:00:00.012238
topic2 ,PUB,9,122,14:23:50.056304,14:23:50.057580,0:00:03.140488,0:00:00.009307
topic2 ,PUB,9,123,14:23:50.066617,14:23:50.067691,0:00:03.150599,0:00:00.010111
topic2 ,PUB,9,124,14:23:50.077011,14:23:50.077879,0:00:03.160787,0:00:00.010188
topic2 ,PUB,9,125,14:23:50.087815,14:23:50.088976,0:00:03.171884,0:00:00.011097
topic2 ,PUB,9,126,14:23:50.098567,14:23:50.100080,0:00:03.182988,0:00:00.011104
topic2 ,PUB,9,127,14:23:50.110467,14:23:50.112220,0:00:03.195128,0:00:00.012140
topic2 ,PUB,9,128,14:23:50.121607,14:23:50.125394,0:00:03.208302,0:00:00.013174
topic2 ,PUB,9,129,14:23:50.132891,14:23:50.134443,0:00:03.217351,0:00:00.009049
topic2 ,PUB,9,130,14:23:50.143632,14:23:50.144871,0:00:03.227779,0:00:00.010428
topic2 ,PUB,9,131,14:23:50.157646,14:23:50.158816,0:00:03.241724,0:00:00.013945
topic2 ,PUB,9,132,14:23:50.188882,14:23:50.189648,0:00:03.272556,0:00:00.030832
topic2 ,PUB,9,133,14:23:50.200568,14:23:50.201177,0:00:03.284085,0:00:00.011529
topic2 ,PUB,9,134,14:23:50.211647,14:23:50.212508,0:00:03.295416,0:00:00.011331
topic2 ,PUB,9,135,14:23:50.237247,14:23:50.239162,0:00:03.322070,0:00:00.026654
topic2 ,PUB,9,136,14:23:50.247943,14:23:50.248635,0:00:03.331543,0:00:00.009473
topic2 ,PUB,9,137,14:23:50.259909,14:23:50.261989,0:00:03.344897,0:00:00.013354
topic2 ,PUB,9,138,14:23:50.270756,14:23:50.272321,0:00:03.355229,0:00:00.010332
topic2 ,PUB,9,139,14:23:50.282249,14:23:50.283059,0:00:03.365967,0:00:00.010738
topic2 ,PUB,9,140,14:23:50.293617,14:23:50.294471,0:00:03.377379,0:00:00.011412
topic2 ,PUB,9,141,14:23:50.304582,14:23:50.305261,0:00:03.388169,0:00:00.010790
topic2 ,PUB,9,142,14:23:50.316708,14:23:50.322168,0:00:03.405076,0:00:00.016907
topic2 ,PUB,9,143,14:23:50.328516,14:23:50.331663,0:00:03.414571,0:00:00.009495
topic2 ,PUB,9,144,14:23:50.354298,14:23:50.356435,0:00:03.439343,0:00:00.024772
topic2 ,PUB,9,145,14:23:50.366175,14:23:50.367922,0:00:03.450830,0:00:00.011487
topic2 ,PUB,9,146,14:23:50.381709,14:23:50.382875,0:00:03.465783,0:00:00.014953
topic2 ,PUB,9,147,14:23:50.394875,14:23:50.397878,0:00:03.480786,0:00:00.015003
topic2 ,PUB,9,148,14:23:50.410273,14:23:50.413901,0:00:03.496809,0:00:00.016023
topic2 ,PUB,9,149,14:23:50.421006,14:23:50.424431,0:00:03.507339,0:00:00.010530
topic2 ,PUB,9,150,14:23:50.431760,14:23:50.435617,0:00:03.518525,0:00:00.011186
topic2 ,PUB,9,151,14:23:50.442966,14:23:50.443780,0:00:03.526688,0:00:00.008163
topic2 ,PUB,9,152,14:23:50.454408,14:23:50.456246,0:00:03.539154,0:00:00.012466
topic2 ,PUB,9,153,14:23:50.464727,14:23:50.465623,0:00:03.548531,0:00:00.009377
topic2 ,PUB,9,154,14:23:50.475516,14:23:50.476429,0:00:03.559337,0:00:00.010806
topic2 ,PUB,9,155,14:23:50.486217,14:23:50.487577,0:00:03.570485,0:00:00.011148
topic2 ,PUB,9,156,14:23:50.496980,14:23:50.498522,0:00:03.581430,0:00:00.010945
topic2 ,PUB,9,157,14:23:50.508069,14:23:50.508586,0:00:03.591494,0:00:00.010064
topic2 ,PUB,9,158,14:23:50.518509,14:23:50.519386,0:00:03.602294,0:00:00.010800
topic2 ,PUB,9,159,14:23:50.529220,14:23:50.531055,0:00:03.613963,0:00:00.011669
topic2 ,PUB,9,160,14:23:50.540348,14:23:50.541874,0:00:03.624782,0:00:00.010819
topic2 ,PUB,9,161,14:23:50.551992,14:23:50.553842,0:00:03.636750,0:00:00.011968
topic2 ,PUB,9,162,14:23:50.564863,14:23:50.568821,0:00:03.651729,0:00:00.014979
topic2 ,PUB,9,163,14:23:50.575927,14:23:50.577767,0:00:03.660675,0:00:00.008946
topic2 ,PUB,9,164,14:23:50.590170,14:23:50.592050,0:00:03.674958,0:00:00.014283
topic2 ,PUB,9,165,14:23:50.605178,14:23:50.607718,0:00:03.690626,0:00:00.015668
topic2 ,PUB,9,166,14:23:50.618154,14:23:50.623020,0:00:03.705928,0:00:00.015302
topic2 ,PUB,9,167,14:23:50.636597,14:23:50.638190,0:00:03.721098,0:00:00.015170
topic2 ,PUB,9,168,14:23:50.648628,14:23:50.649453,0:00:03.732361,0:00:00.011263
topic2 ,PUB,9,169,14:23:50.659209,14:23:50.660703,0:00:03.743611,0:00:00.011250
topic2 ,PUB,9,170,14:23:50.671823,14:23:50.672730,0:00:03.755638,0:00:00.012027
topic2 ,PUB,9,171,14:23:50.682427,14:23:50.683670,0:00:03.766578,0:00:00.010940
topic2 ,PUB,9,172,14:23:50.693602,14:23:50.698255,0:00:03.781163,0:00:00.014585
topic2 ,PUB,9,173,14:23:50.704441,14:23:50.705237,0:00:03.788145,0:00:00.006982
topic2 ,PUB,9,174,14:23:50.724851,14:23:50.732004,0:00:03.814912,0:00:00.026767
topic2 ,PUB,9,175,14:23:50.736270,14:23:50.738512,0:00:03.821420,0:00:00.006508
topic2 ,PUB,9,176,14:23:50.747030,14:23:50.748266,0:00:03.831174,0:00:00.009754
topic2 ,PUB,9,177,14:23:50.758293,14:23:50.761904,0:00:03.844812,0:00:00.013638
topic2 ,PUB,9,178,14:23:50.768916,14:23:50.770346,0:00:03.853254,0:00:00.008442
topic2 ,PUB,9,179,14:23:50.779325,14:23:50.780015,0:00:03.862923,0:00:00.009669
topic2 ,PUB,9,180,14:23:50.791977,14:23:50.793012,0:00:03.875920,0:00:00.012997
topic2 ,PUB,9,181,14:23:50.804295,14:23:50.804942,0:00:03.887850,0:00:00.011930
topic2 ,PUB,9,182,14:23:50.824104,14:23:50.825053,0:00:03.907961,0:00:00.020111
topic2 ,PUB,9,183,14:23:50.835066,14:23:50.837292,0:00:03.920200,0:00:00.012239
topic2 ,PUB,9,184,14:23:50.848184,14:23:50.849357,0:00:03.932265,0:00:00.012065
topic2 ,PUB,9,185,14:23:50.860299,14:23:50.861095,0:00:03.944003,0:00:00.011738
topic2 ,PUB,9,186,14:23:50.870822,14:23:50.872218,0:00:03.955126,0:00:00.011123
topic2 ,PUB,9,187,14:23:50.894130,14:23:50.897079,0:00:03.979987,0:00:00.024861
topic2 ,PUB,9,188,14:23:50.904497,14:23:50.906423,0:00:03.989331,0:00:00.009344
topic2 ,PUB,9,189,14:23:50.915086,14:23:50.916872,0:00:03.999780,0:00:00.010449
topic2 ,PUB,9,190,14:23:50.926607,14:23:50.927921,0:00:04.010829,0:00:00.011049
topic2 ,PUB,9,191,14:23:50.937439,14:23:50.938277,0:00:04.021185,0:00:00.010356
topic2 ,PUB,9,192,14:23:50.951165,14:23:50.952121,0:00:04.035029,0:00:00.013844
topic2 ,PUB,9,193,14:23:50.981529,14:23:50.982341,0:00:04.065249,0:00:00.030220
topic2 ,PUB,9,194,14:23:50.992483,14:23:50.994361,0:00:04.077269,0:00:00.012020
topic2 ,PUB,9,195,14:23:51.005878,14:23:51.006702,0:00:04.089610,0:00:00.012341
topic2 ,PUB,9,196,14:23:51.024447,14:23:51.025795,0:00:04.108703,0:00:00.019093
topic2 ,PUB,9,197,14:23:51.037741,14:23:51.045731,0:00:04.128639,0:00:00.019936
topic2 ,PUB,9,198,14:23:51.058536,14:23:51.060285,0:00:04.143193,0:00:00.014554
topic2 ,PUB,9,199,14:23:51.069218,14:23:51.070184,0:00:04.153092,0:00:00.009899
# starting loop
topic2 ,PUB,7,0,14:25:08.518905,14:25:08.521289,0:00:01.736758,0:00:01.736758
topic2 ,PUB,7,1,14:25:08.535567,14:25:08.537608,0:00:01.753077,0:00:00.016319
topic2 ,PUB,7,2,14:25:08.546599,14:25:08.548131,0:00:01.763600,0:00:00.010523
topic2 ,PUB,7,3,14:25:08.557895,14:25:08.560126,0:00:01.775595,0:00:00.011995
topic2 ,PUB,7,4,14:25:08.568567,14:25:08.571809,0:00:01.787278,0:00:00.011683
topic2 ,PUB,7,5,14:25:08.580011,14:25:08.581454,0:00:01.796923,0:00:00.009645
topic2 ,PUB,7,6,14:25:08.590583,14:25:08.592527,0:00:01.807996,0:00:00.011073
topic2 ,PUB,7,7,14:25:08.601151,14:25:08.602810,0:00:01.818279,0:00:00.010283
topic2 ,PUB,7,8,14:25:08.612153,14:25:08.613641,0:00:01.829110,0:00:00.010831
topic2 ,PUB,7,9,14:25:08.622782,14:25:08.624509,0:00:01.839978,0:00:00.010868
topic2 ,PUB,7,10,14:25:08.633647,14:25:08.636434,0:00:01.851903,0:00:00.011925
topic2 ,PUB,7,11,14:25:08.645542,14:25:08.647887,0:00:01.863356,0:00:00.011453
topic2 ,PUB,7,12,14:25:08.657549,14:25:08.661391,0:00:01.876860,0:00:00.013504
topic2 ,PUB,7,13,14:25:08.670038,14:25:08.672000,0:00:01.887469,0:00:00.010609
topic2 ,PUB,7,14,14:25:08.680497,14:25:08.685254,0:00:01.900723,0:00:00.013254
topic2 ,PUB,7,15,14:25:08.691183,14:25:08.692466,0:00:01.907935,0:00:00.007212
topic2 ,PUB,7,16,14:25:08.703943,14:25:08.705222,0:00:01.920691,0:00:00.012756
topic2 ,PUB,7,17,14:25:08.714947,14:25:08.716456,0:00:01.931925,0:00:00.011234
topic2 ,PUB,7,18,14:25:08.729690,14:25:08.730401,0:00:01.945870,0:00:00.013945
topic2 ,PUB,7,19,14:25:08.740299,14:25:08.741818,0:00:01.957287,0:00:00.011417
topic2 ,PUB,7,20,14:25:08.771406,14:25:08.773108,0:00:01.988577,0:00:00.031290
topic2 ,PUB,7,21,14:25:08.783604,14:25:08.785002,0:00:02.000471,0:00:00.011894
topic2 ,PUB,7,22,14:25:08.796204,14:25:08.798323,0:00:02.013792,0:00:00.013321
topic2 ,PUB,7,23,14:25:08.809075,14:25:08.810236,0:00:02.025705,0:00:00.011913
topic2 ,PUB,7,24,14:25:08.821455,14:25:08.822884,0:00:02.038353,0:00:00.012648
topic2 ,PUB,7,25,14:25:08.832164,14:25:08.833264,0:00:02.048733,0:00:00.010380
topic2 ,PUB,7,26,14:25:08.843576,14:25:08.845852,0:00:02.061321,0:00:00.012588
topic2 ,PUB,7,27,14:25:08.854966,14:25:08.856000,0:00:02.071469,0:00:00.010148
topic2 ,PUB,7,28,14:25:08.866088,14:25:08.867815,0:00:02.083284,0:00:00.011815
topic2 ,PUB,7,29,14:25:08.876830,14:25:08.877818,0:00:02.093287,0:00:00.010003
topic2 ,PUB,7,30,14:25:08.887396,14:25:08.888689,0:00:02.104158,0:00:00.010871
topic2 ,PUB,7,31,14:25:08.897955,14:25:08.900528,0:00:02.115997,0:00:00.011839
topic2 ,PUB,7,32,14:25:08.908886,14:25:08.909925,0:00:02.125394,0:00:00.009397
topic2 ,PUB,7,33,14:25:08.919581,14:25:08.920399,0:00:02.135868,0:00:00.010474
topic2 ,PUB,7,34,14:25:08.930366,14:25:08.931467,0:00:02.146936,0:00:00.011068
topic2 ,PUB,7,35,14:25:08.941041,14:25:08.942030,0:00:02.157499,0:00:00.010563
topic2 ,PUB,7,36,14:25:08.951965,14:25:08.952835,0:00:02.168304,0:00:00.010805
topic2 ,PUB,7,37,14:25:08.962301,14:25:08.963051,0:00:02.178520,0:00:00.010216
topic2 ,PUB,7,38,14:25:08.973306,14:25:08.974695,0:00:02.190164,0:00:00.011644
topic2 ,PUB,7,39,14:25:08.983631,14:25:08.985405,0:00:02.200874,0:00:00.010710
topic2 ,PUB,7,40,14:25:08.994867,14:25:08.996656,0:00:02.212125,0:00:00.011251
topic2 ,PUB,7,41,14:25:09.006439,14:25:09.007807,0:00:02.223276,0:00:00.011151
topic2 ,PUB,7,42,14:25:09.016868,14:25:09.017612,0:00:02.233081,0:00:00.009805
topic2 ,PUB,7,43,14:25:09.028387,14:25:09.030150,0:00:02.245619,0:00:00.012538
topic2 ,PUB,7,44,14:25:09.042422,14:25:09.044141,0:00:02.259610,0:00:00.013991
topic2 ,PUB,7,45,14:25:09.053079,14:25:09.054350,0:00:02.269819,0:00:00.010209
topic2 ,PUB,7,46,14:25:09.063452,14:25:09.064478,0:00:02.279947,0:00:00.010128
topic2 ,PUB,7,47,14:25:09.080358,14:25:09.082155,0:00:02.297624,0:00:00.017677
topic2 ,PUB,7,48,14:25:09.112333,14:25:09.117032,0:00:02.332501,0:00:00.034877
topic2 ,PUB,7,49,14:25:09.125440,14:25:09.127916,0:00:02.343385,0:00:00.010884
topic2 ,PUB,7,50,14:25:09.136156,14:25:09.137479,0:00:02.352948,0:00:00.009563
topic2 ,PUB,7,51,14:25:09.147914,14:25:09.150200,0:00:02.365669,0:00:00.012721
topic2 ,PUB,7,52,14:25:09.159111,14:25:09.172426,0:00:02.387895,0:00:00.022226
topic2 ,PUB,7,53,14:25:09.170776,14:25:09.174418,0:00:02.389887,0:00:00.001992
topic2 ,PUB,7,54,14:25:09.214529,14:25:09.223113,0:00:02.438582,0:00:00.048695
topic2 ,PUB,7,55,14:25:09.239135,14:25:09.241434,0:00:02.456903,0:00:00.018321
topic2 ,PUB,7,56,14:25:09.251551,14:25:09.252941,0:00:02.468410,0:00:00.011507
topic2 ,PUB,7,57,14:25:09.267656,14:25:09.268938,0:00:02.484407,0:00:00.015997
topic2 ,PUB,7,58,14:25:09.287446,14:25:09.290647,0:00:02.506116,0:00:00.021709
topic2 ,PUB,7,59,14:25:09.298388,14:25:09.301432,0:00:02.516901,0:00:00.010785
topic2 ,PUB,7,60,14:25:09.310277,14:25:09.311596,0:00:02.527065,0:00:00.010164
topic2 ,PUB,7,61,14:25:09.323240,14:25:09.326201,0:00:02.541670,0:00:00.014605
topic2 ,PUB,7,62,14:25:09.338876,14:25:09.340706,0:00:02.556175,0:00:00.014505
topic2 ,PUB,7,63,14:25:09.350831,14:25:09.352424,0:00:02.567893,0:00:00.011718
topic2 ,PUB,7,64,14:25:09.362190,14:25:09.363860,0:00:02.579329,0:00:00.011436
topic2 ,PUB,7,65,14:25:09.374043,14:25:09.381718,0:00:02.597187,0:00:00.017858
topic2 ,PUB,7,66,14:25:09.389242,14:25:09.391753,0:00:02.607222,0:00:00.010035
topic2 ,PUB,7,67,14:25:09.400417,14:25:09.403922,0:00:02.619391,0:00:00.012169
topic2 ,PUB,7,68,14:25:09.411681,14:25:09.413720,0:00:02.629189,0:00:00.009798
topic2 ,PUB,7,69,14:25:09.422832,14:25:09.425251,0:00:02.640720,0:00:00.011531
topic2 ,PUB,7,70,14:25:09.434619,14:25:09.436915,0:00:02.652384,0:00:00.011664
topic2 ,PUB,7,71,14:25:09.445048,14:25:09.446183,0:00:02.661652,0:00:00.009268
topic2 ,PUB,7,72,14:25:09.456065,14:25:09.457087,0:00:02.672556,0:00:00.010904
topic2 ,PUB,7,73,14:25:09.466694,14:25:09.468802,0:00:02.684271,0:00:00.011715
topic2 ,PUB,7,74,14:25:09.477817,14:25:09.479077,0:00:02.694546,0:00:00.010275
topic2 ,PUB,7,75,14:25:09.488483,14:25:09.490887,0:00:02.706356,0:00:00.011810
topic2 ,PUB,7,76,14:25:09.500070,14:25:09.502644,0:00:02.718113,0:00:00.011757
topic2 ,PUB,7,77,14:25:09.510902,14:25:09.512625,0:00:02.728094,0:00:00.009981
topic2 ,PUB,7,78,14:25:09.521829,14:25:09.525219,0:00:02.740688,0:00:00.012594
topic2 ,PUB,7,79,14:25:09.534437,14:25:09.536866,0:00:02.752335,0:00:00.011647
topic2 ,PUB,7,80,14:25:09.545669,14:25:09.547131,0:00:02.762600,0:00:00.010265
topic2 ,PUB,7,81,14:25:09.556453,14:25:09.558608,0:00:02.774077,0:00:00.011477
topic2 ,PUB,7,82,14:25:09.568286,14:25:09.569618,0:00:02.785087,0:00:00.011010
topic2 ,PUB,7,83,14:25:09.579090,14:25:09.582649,0:00:02.798118,0:00:00.013031
topic2 ,PUB,7,84,14:25:09.591626,14:25:09.592715,0:00:02.808184,0:00:00.010066
topic2 ,PUB,7,85,14:25:09.603609,14:25:09.608813,0:00:02.824282,0:00:00.016098
topic2 ,PUB,7,86,14:25:09.614575,14:25:09.617269,0:00:02.832738,0:00:00.008456
topic2 ,PUB,7,87,14:25:09.626406,14:25:09.628182,0:00:02.843651,0:00:00.010913
topic2 ,PUB,7,88,14:25:09.639603,14:25:09.643846,0:00:02.859315,0:00:00.015664
topic2 ,PUB,7,89,14:25:09.652278,14:25:09.682500,0:00:02.897969,0:00:00.038654
topic2 ,PUB,7,90,14:25:09.681353,14:25:09.683224,0:00:02.898693,0:00:00.000724
topic2 ,PUB,7,91,14:25:09.692953,14:25:09.694366,0:00:02.909835,0:00:00.011142
topic2 ,PUB,7,92,14:25:09.704349,14:25:09.711825,0:00:02.927294,0:00:00.017459
topic2 ,PUB,7,93,14:25:09.715678,14:25:09.725114,0:00:02.940583,0:00:00.013289
topic2 ,PUB,7,94,14:25:09.726641,14:25:09.729566,0:00:02.945035,0:00:00.004452
topic2 ,PUB,7,95,14:25:09.737469,14:25:09.739425,0:00:02.954894,0:00:00.009859
topic2 ,PUB,7,96,14:25:09.748865,14:25:09.750102,0:00:02.965571,0:00:00.010677
topic2 ,PUB,7,97,14:25:09.759848,14:25:09.769169,0:00:02.984638,0:00:00.019067
topic2 ,PUB,7,98,14:25:09.770945,14:25:09.784841,0:00:03.000310,0:00:00.015672
topic2 ,PUB,7,99,14:25:09.782228,14:25:09.785020,0:00:03.000489,0:00:00.000179
topic2 ,PUB,7,100,14:25:09.793170,14:25:09.795718,0:00:03.011187,0:00:00.010698
topic2 ,PUB,7,101,14:25:09.804593,14:25:09.806182,0:00:03.021651,0:00:00.010464
topic2 ,PUB,7,102,14:25:09.815679,14:25:09.817708,0:00:03.033177,0:00:00.011526
topic2 ,PUB,7,103,14:25:09.829761,14:25:09.831849,0:00:03.047318,0:00:00.014141
topic2 ,PUB,7,104,14:25:09.848217,14:25:09.850419,0:00:03.065888,0:00:00.018570
topic2 ,PUB,7,105,14:25:09.859860,14:25:09.868381,0:00:03.083850,0:00:00.017962
topic2 ,PUB,7,106,14:25:09.871121,14:25:09.873567,0:00:03.089036,0:00:00.005186
topic2 ,PUB,7,107,14:25:09.883107,14:25:09.888077,0:00:03.103546,0:00:00.014510
topic2 ,PUB,7,108,14:25:09.901129,14:25:09.903992,0:00:03.119461,0:00:00.015915
topic2 ,PUB,7,109,14:25:09.912294,14:25:09.913800,0:00:03.129269,0:00:00.009808
topic2 ,PUB,7,110,14:25:09.922891,14:25:09.925438,0:00:03.140907,0:00:00.011638
topic2 ,PUB,7,111,14:25:09.934004,14:25:09.936362,0:00:03.151831,0:00:00.010924
topic2 ,PUB,7,112,14:25:09.945029,14:25:09.946892,0:00:03.162361,0:00:00.010530
topic2 ,PUB,7,113,14:25:09.955925,14:25:09.957229,0:00:03.172698,0:00:00.010337
topic2 ,PUB,7,114,14:25:09.967064,14:25:09.968803,0:00:03.184272,0:00:00.011574
topic2 ,PUB,7,115,14:25:09.978704,14:25:09.980822,0:00:03.196291,0:00:00.012019
topic2 ,PUB,7,116,14:25:09.992157,14:25:09.994436,0:00:03.209905,0:00:00.013614
topic2 ,PUB,7,117,14:25:10.003995,14:25:10.005687,0:00:03.221156,0:00:00.011251
topic2 ,PUB,7,118,14:25:10.015587,14:25:10.018414,0:00:03.233883,0:00:00.012727
topic2 ,PUB,7,119,14:25:10.029034,14:25:10.030784,0:00:03.246253,0:00:00.012370
topic2 ,PUB,7,120,14:25:10.042217,14:25:10.044660,0:00:03.260129,0:00:00.013876
topic2 ,PUB,7,121,14:25:10.052888,14:25:10.054724,0:00:03.270193,0:00:00.010064
topic2 ,PUB,7,122,14:25:10.069056,14:25:10.075325,0:00:03.290794,0:00:00.020601
topic2 ,PUB,7,123,14:25:10.084071,14:25:10.085820,0:00:03.301289,0:00:00.010495
topic2 ,PUB,7,124,14:25:10.095881,14:25:10.097458,0:00:03.312927,0:00:00.011638
topic2 ,PUB,7,125,14:25:10.107641,14:25:10.112232,0:00:03.327701,0:00:00.014774
topic2 ,PUB,7,126,14:25:10.120192,14:25:10.121803,0:00:03.337272,0:00:00.009571
topic2 ,PUB,7,127,14:25:10.132805,14:25:10.134260,0:00:03.349729,0:00:00.012457
topic2 ,PUB,7,128,14:25:10.144966,14:25:10.146427,0:00:03.361896,0:00:00.012167
topic2 ,PUB,7,129,14:25:10.159747,14:25:10.161430,0:00:03.376899,0:00:00.015003
topic2 ,PUB,7,130,14:25:10.171817,14:25:10.172755,0:00:03.388224,0:00:00.011325
topic2 ,PUB,7,131,14:25:10.199750,14:25:10.202193,0:00:03.417662,0:00:00.029438
topic2 ,PUB,7,132,14:25:10.211230,14:25:10.212839,0:00:03.428308,0:00:00.010646
topic2 ,PUB,7,133,14:25:10.222662,14:25:10.224012,0:00:03.439481,0:00:00.011173
topic2 ,PUB,7,134,14:25:10.233811,14:25:10.236427,0:00:03.451896,0:00:00.012415
topic2 ,PUB,7,135,14:25:10.246882,14:25:10.249004,0:00:03.464473,0:00:00.012577
topic2 ,PUB,7,136,14:25:10.260261,14:25:10.262430,0:00:03.477899,0:00:00.013426
topic2 ,PUB,7,137,14:25:10.277958,14:25:10.289664,0:00:03.505133,0:00:00.027234
topic2 ,PUB,7,138,14:25:10.305359,14:25:10.306700,0:00:03.522169,0:00:00.017036
topic2 ,PUB,7,139,14:25:10.327515,14:25:10.332081,0:00:03.547550,0:00:00.025381
topic2 ,PUB,7,140,14:25:10.338214,14:25:10.339722,0:00:03.555191,0:00:00.007641
topic2 ,PUB,7,141,14:25:10.351222,14:25:10.353198,0:00:03.568667,0:00:00.013476
topic2 ,PUB,7,142,14:25:10.362041,14:25:10.364338,0:00:03.579807,0:00:00.011140
topic2 ,PUB,7,143,14:25:10.372867,14:25:10.374797,0:00:03.590266,0:00:00.010459
topic2 ,PUB,7,144,14:25:10.384226,14:25:10.385530,0:00:03.600999,0:00:00.010733
topic2 ,PUB,7,145,14:25:10.394847,14:25:10.396768,0:00:03.612237,0:00:00.011238
topic2 ,PUB,7,146,14:25:10.407101,14:25:10.408185,0:00:03.623654,0:00:00.011417
topic2 ,PUB,7,147,14:25:10.420096,14:25:10.422186,0:00:03.637655,0:00:00.014001
topic2 ,PUB,7,148,14:25:10.431031,14:25:10.433024,0:00:03.648493,0:00:00.010838
topic2 ,PUB,7,149,14:25:10.444021,14:25:10.446145,0:00:03.661614,0:00:00.013121
topic2 ,PUB,7,150,14:25:10.460139,14:25:10.463643,0:00:03.679112,0:00:00.017498
topic2 ,PUB,7,151,14:25:10.470923,14:25:10.471848,0:00:03.687317,0:00:00.008205
topic2 ,PUB,7,152,14:25:10.481578,14:25:10.482999,0:00:03.698468,0:00:00.011151
topic2 ,PUB,7,153,14:25:10.496031,14:25:10.497747,0:00:03.713216,0:00:00.014748
topic2 ,PUB,7,154,14:25:10.509731,14:25:10.511642,0:00:03.727111,0:00:00.013895
topic2 ,PUB,7,155,14:25:10.521435,14:25:10.524876,0:00:03.740345,0:00:00.013234
topic2 ,PUB,7,156,14:25:10.535868,14:25:10.537344,0:00:03.752813,0:00:00.012468
topic2 ,PUB,7,157,14:25:10.546981,14:25:10.548824,0:00:03.764293,0:00:00.011480
topic2 ,PUB,7,158,14:25:10.560608,14:25:10.562358,0:00:03.777827,0:00:00.013534
topic2 ,PUB,7,159,14:25:10.571578,14:25:10.573418,0:00:03.788887,0:00:00.011060
topic2 ,PUB,7,160,14:25:10.584787,14:25:10.586206,0:00:03.801675,0:00:00.012788
topic2 ,PUB,7,161,14:25:10.601780,14:25:10.604602,0:00:03.820071,0:00:00.018396
topic2 ,PUB,7,162,14:25:10.613562,14:25:10.617383,0:00:03.832852,0:00:00.012781
topic2 ,PUB,7,163,14:25:10.630766,14:25:10.634413,0:00:03.849882,0:00:00.017030
topic2 ,PUB,7,164,14:25:10.644012,14:25:10.647110,0:00:03.862579,0:00:00.012697
topic2 ,PUB,7,165,14:25:10.655630,14:25:10.660009,0:00:03.875478,0:00:00.012899
topic2 ,PUB,7,166,14:25:10.668300,14:25:10.672746,0:00:03.888215,0:00:00.012737
topic2 ,PUB,7,167,14:25:10.683358,14:25:10.686984,0:00:03.902453,0:00:00.014238
topic2 ,PUB,7,168,14:25:10.694153,14:25:10.695762,0:00:03.911231,0:00:00.008778
topic2 ,PUB,7,169,14:25:10.704518,14:25:10.708641,0:00:03.924110,0:00:00.012879
topic2 ,PUB,7,170,14:25:10.716208,14:25:10.717743,0:00:03.933212,0:00:00.009102
topic2 ,PUB,7,171,14:25:10.727642,14:25:10.729502,0:00:03.944971,0:00:00.011759
topic2 ,PUB,7,172,14:25:10.744545,14:25:10.745655,0:00:03.961124,0:00:00.016153
topic2 ,PUB,7,173,14:25:10.759742,14:25:10.761865,0:00:03.977334,0:00:00.016210
topic2 ,PUB,7,174,14:25:10.773205,14:25:10.777276,0:00:03.992745,0:00:00.015411
topic2 ,PUB,7,175,14:25:10.792059,14:25:10.795712,0:00:04.011181,0:00:00.018436
topic2 ,PUB,7,176,14:25:10.804390,14:25:10.807382,0:00:04.022851,0:00:00.011670
topic2 ,PUB,7,177,14:25:10.818318,14:25:10.822049,0:00:04.037518,0:00:00.014667
topic2 ,PUB,7,178,14:25:10.832493,14:25:10.833711,0:00:04.049180,0:00:00.011662
topic2 ,PUB,7,179,14:25:10.843698,14:25:10.844804,0:00:04.060273,0:00:00.011093
topic2 ,PUB,7,180,14:25:10.855168,14:25:10.858692,0:00:04.074161,0:00:00.013888
topic2 ,PUB,7,181,14:25:10.866154,14:25:10.867234,0:00:04.082703,0:00:00.008542
topic2 ,PUB,7,182,14:25:10.877304,14:25:10.879984,0:00:04.095453,0:00:00.012750
topic2 ,PUB,7,183,14:25:10.892913,14:25:10.893653,0:00:04.109122,0:00:00.013669
topic2 ,PUB,7,184,14:25:10.903637,14:25:10.906955,0:00:04.122424,0:00:00.013302
topic2 ,PUB,7,185,14:25:10.915095,14:25:10.918141,0:00:04.133610,0:00:00.011186
topic2 ,PUB,7,186,14:25:10.927341,14:25:10.929753,0:00:04.145222,0:00:00.011612
topic2 ,PUB,7,187,14:25:10.941564,14:25:10.943173,0:00:04.158642,0:00:00.013420
topic2 ,PUB,7,188,14:25:10.952611,14:25:10.953613,0:00:04.169082,0:00:00.010440
topic2 ,PUB,7,189,14:25:10.963037,14:25:10.964199,0:00:04.179668,0:00:00.010586
topic2 ,PUB,7,190,14:25:10.975705,14:25:10.976786,0:00:04.192255,0:00:00.012587
topic2 ,PUB,7,191,14:25:10.988868,14:25:10.995170,0:00:04.210639,0:00:00.018384
topic2 ,PUB,7,192,14:25:10.999632,14:25:11.001251,0:00:04.216720,0:00:00.006081
topic2 ,PUB,7,193,14:25:11.010816,14:25:11.013654,0:00:04.229123,0:00:00.012403
topic2 ,PUB,7,194,14:25:11.024024,14:25:11.025953,0:00:04.241422,0:00:00.012299
topic2 ,PUB,7,195,14:25:11.085238,14:25:11.088828,0:00:04.304297,0:00:00.062875
topic2 ,PUB,7,196,14:25:11.096188,14:25:11.097836,0:00:04.313305,0:00:00.009008
topic2 ,PUB,7,197,14:25:11.107519,14:25:11.109936,0:00:04.325405,0:00:00.012100
topic2 ,PUB,7,198,14:25:11.118263,14:25:11.121063,0:00:04.336532,0:00:00.011127
topic2 ,PUB,7,199,14:25:11.129825,14:25:11.130766,0:00:04.346235,0:00:00.009703
