hello now
use broker False
not using broker
initiating discovery client connection
tcp://10.0.0.1:5557
discovery client connection broadcast
dicts {"9": "10.0.0.9", "8": "10.0.0.8"}
pubs {'9': '10.0.0.9', '8': '10.0.0.8'} key 9
key 9 value 10.0.0.9 tcp://10.0.0.9:5556
# starting loop
topic2 ,PUB,9,0,14:23:48.221025,14:23:48.222511,0:00:01.495906,0:00:01.495906
topic2 ,PUB,9,1,14:23:48.232211,14:23:48.233734,0:00:01.507129,0:00:00.011223
topic2 ,PUB,9,2,14:23:48.245891,14:23:48.248190,0:00:01.521585,0:00:00.014456
topic2 ,PUB,9,3,14:23:48.259652,14:23:48.264979,0:00:01.538374,0:00:00.016789
topic2 ,PUB,9,4,14:23:48.287347,14:23:48.291020,0:00:01.564415,0:00:00.026041
topic2 ,PUB,9,5,14:23:48.300080,14:23:48.305034,0:00:01.578429,0:00:00.014014
topic2 ,PUB,9,6,14:23:48.310670,14:23:48.313368,0:00:01.586763,0:00:00.008334
topic2 ,PUB,9,7,14:23:48.329707,14:23:48.332787,0:00:01.606182,0:00:00.019419
topic2 ,PUB,9,8,14:23:48.345200,14:23:48.351982,0:00:01.625377,0:00:00.019195
topic2 ,PUB,9,9,14:23:48.356147,14:23:48.357943,0:00:01.631338,0:00:00.005961
topic2 ,PUB,9,10,14:23:48.366711,14:23:48.376109,0:00:01.649504,0:00:00.018166
topic2 ,PUB,9,11,14:23:48.384439,14:23:48.385930,0:00:01.659325,0:00:00.009821
topic2 ,PUB,9,12,14:23:48.394920,14:23:48.396859,0:00:01.670254,0:00:00.010929
topic2 ,PUB,9,13,14:23:48.408545,14:23:48.411774,0:00:01.685169,0:00:00.014915
topic2 ,PUB,9,14,14:23:48.419087,14:23:48.421150,0:00:01.694545,0:00:00.009376
topic2 ,PUB,9,15,14:23:48.431967,14:23:48.436187,0:00:01.709582,0:00:00.015037
topic2 ,PUB,9,16,14:23:48.449643,14:23:48.452090,0:00:01.725485,0:00:00.015903
topic2 ,PUB,9,17,14:23:48.460178,14:23:48.462498,0:00:01.735893,0:00:00.010408
topic2 ,PUB,9,18,14:23:48.474002,14:23:48.476039,0:00:01.749434,0:00:00.013541
topic2 ,PUB,9,19,14:23:48.484971,14:23:48.486260,0:00:01.759655,0:00:00.010221
topic2 ,PUB,9,20,14:23:48.495881,14:23:48.497638,0:00:01.771033,0:00:00.011378
topic2 ,PUB,9,21,14:23:48.515512,14:23:48.519972,0:00:01.793367,0:00:00.022334
topic2 ,PUB,9,22,14:23:48.531968,14:23:48.533773,0:00:01.807168,0:00:00.013801
topic2 ,PUB,9,23,14:23:48.550721,14:23:48.556172,0:00:01.829567,0:00:00.022399
topic2 ,PUB,9,24,14:23:48.563898,14:23:48.566269,0:00:01.839664,0:00:00.010097
topic2 ,PUB,9,25,14:23:48.574325,14:23:48.585963,0:00:01.859358,0:00:00.019694
topic2 ,PUB,9,26,14:23:48.586367,14:23:48.590446,0:00:01.863841,0:00:00.004483
topic2 ,PUB,9,27,14:23:48.612928,14:23:48.617065,0:00:01.890460,0:00:00.026619
topic2 ,PUB,9,28,14:23:48.632063,14:23:48.635369,0:00:01.908764,0:00:00.018304
topic2 ,PUB,9,29,14:23:48.651621,14:23:48.653433,0:00:01.926828,0:00:00.018064
topic2 ,PUB,9,30,14:23:48.664219,14:23:48.679750,0:00:01.953145,0:00:00.026317
topic2 ,PUB,9,31,14:23:48.696473,14:23:48.709573,0:00:01.982968,0:00:00.029823
topic2 ,PUB,9,32,14:23:48.713678,14:23:48.732683,0:00:02.006078,0:00:00.023110
topic2 ,PUB,9,33,14:23:48.775788,14:23:48.783994,0:00:02.057389,0:00:00.051311
topic2 ,PUB,9,34,14:23:48.818911,14:23:48.821547,0:00:02.094942,0:00:00.037553
topic2 ,PUB,9,35,14:23:48.857245,14:23:48.860928,0:00:02.134323,0:00:00.039381
topic2 ,PUB,9,36,14:23:49.001591,14:23:49.003947,0:00:02.277342,0:00:00.143019
topic2 ,PUB,9,37,14:23:49.012981,14:23:49.014214,0:00:02.287609,0:00:00.010267
topic2 ,PUB,9,38,14:23:49.028130,14:23:49.029667,0:00:02.303062,0:00:00.015453
topic2 ,PUB,9,39,14:23:49.038734,14:23:49.044917,0:00:02.318312,0:00:00.015250
topic2 ,PUB,9,40,14:23:49.051154,14:23:49.054507,0:00:02.327902,0:00:00.009590
topic2 ,PUB,9,41,14:23:49.063127,14:23:49.064924,0:00:02.338319,0:00:00.010417
topic2 ,PUB,9,42,14:23:49.075529,14:23:49.081525,0:00:02.354920,0:00:00.016601
topic2 ,PUB,9,43,14:23:49.088017,14:23:49.092174,0:00:02.365569,0:00:00.010649
topic2 ,PUB,9,44,14:23:49.098881,14:23:49.103288,0:00:02.376683,0:00:00.011114
topic2 ,PUB,9,45,14:23:49.109546,14:23:49.111994,0:00:02.385389,0:00:00.008706
topic2 ,PUB,9,46,14:23:49.120530,14:23:49.122197,0:00:02.395592,0:00:00.010203
topic2 ,PUB,9,47,14:23:49.131751,14:23:49.132714,0:00:02.406109,0:00:00.010517
topic2 ,PUB,9,48,14:23:49.144296,14:23:49.145025,0:00:02.418420,0:00:00.012311
topic2 ,PUB,9,49,14:23:49.156837,14:23:49.157792,0:00:02.431187,0:00:00.012767
topic2 ,PUB,9,50,14:23:49.170178,14:23:49.187764,0:00:02.461159,0:00:00.029972
topic2 ,PUB,9,51,14:23:49.188533,14:23:49.189273,0:00:02.462668,0:00:00.001509
topic2 ,PUB,9,52,14:23:49.203578,14:23:49.205185,0:00:02.478580,0:00:00.015912
topic2 ,PUB,9,53,14:23:49.214830,14:23:49.218422,0:00:02.491817,0:00:00.013237
topic2 ,PUB,9,54,14:23:49.226228,14:23:49.227685,0:00:02.501080,0:00:00.009263
topic2 ,PUB,9,55,14:23:49.253032,14:23:49.256477,0:00:02.529872,0:00:00.028792
topic2 ,PUB,9,56,14:23:49.268404,14:23:49.268924,0:00:02.542319,0:00:00.012447
topic2 ,PUB,9,57,14:23:49.280396,14:23:49.282451,0:00:02.555846,0:00:00.013527
topic2 ,PUB,9,58,14:23:49.291183,14:23:49.292980,0:00:02.566375,0:00:00.010529
topic2 ,PUB,9,59,14:23:49.302476,14:23:49.304565,0:00:02.577960,0:00:00.011585
topic2 ,PUB,9,60,14:23:49.314024,14:23:49.319834,0:00:02.593229,0:00:00.015269
topic2 ,PUB,9,61,14:23:49.333248,14:23:49.334505,0:00:02.607900,0:00:00.014671
topic2 ,PUB,9,62,14:23:49.345826,14:23:49.347710,0:00:02.621105,0:00:00.013205
topic2 ,PUB,9,63,14:23:49.361663,14:23:49.365550,0:00:02.638945,0:00:00.017840
topic2 ,PUB,9,64,14:23:49.373610,14:23:49.374576,0:00:02.647971,0:00:00.009026
topic2 ,PUB,9,65,14:23:49.384997,14:23:49.386603,0:00:02.659998,0:00:00.012027
topic2 ,PUB,9,66,14:23:49.396062,14:23:49.397703,0:00:02.671098,0:00:00.011100
topic2 ,PUB,9,67,14:23:49.409677,14:23:49.410505,0:00:02.683900,0:00:00.012802
topic2 ,PUB,9,68,14:23:49.420301,14:23:49.421438,0:00:02.694833,0:00:00.010933
topic2 ,PUB,9,69,14:23:49.431082,14:23:49.433872,0:00:02.707267,0:00:00.012434
topic2 ,PUB,9,70,14:23:49.442849,14:23:49.446157,0:00:02.719552,0:00:00.012285
topic2 ,PUB,9,71,14:23:49.454343,14:23:49.455980,0:00:02.729375,0:00:00.009823
topic2 ,PUB,9,72,14:23:49.469154,14:23:49.471799,0:00:02.745194,0:00:00.015819
topic2 ,PUB,9,73,14:23:49.479700,14:23:49.481925,0:00:02.755320,0:00:00.010126
topic2 ,PUB,9,74,14:23:49.490580,14:23:49.491787,0:00:02.765182,0:00:00.009862
topic2 ,PUB,9,75,14:23:49.502988,14:23:49.505050,0:00:02.778445,0:00:00.013263
topic2 ,PUB,9,76,14:23:49.520972,14:23:49.524104,0:00:02.797499,0:00:00.019054
topic2 ,PUB,9,77,14:23:49.532649,14:23:49.533323,0:00:02.806718,0:00:00.009219
topic2 ,PUB,9,78,14:23:49.543709,14:23:49.544290,0:00:02.817685,0:00:00.010967
topic2 ,PUB,9,79,14:23:49.554604,14:23:49.555492,0:00:02.828887,0:00:00.011202
topic2 ,PUB,9,80,14:23:49.565491,14:23:49.566866,0:00:02.840261,0:00:00.011374
topic2 ,PUB,9,81,14:23:49.576956,14:23:49.578341,0:00:02.851736,0:00:00.011475
topic2 ,PUB,9,82,14:23:49.587718,14:23:49.589755,0:00:02.863150,0:00:00.011414
topic2 ,PUB,9,83,14:23:49.598609,14:23:49.600146,0:00:02.873541,0:00:00.010391
topic2 ,PUB,9,84,14:23:49.609449,14:23:49.611234,0:00:02.884629,0:00:00.011088
topic2 ,PUB,9,85,14:23:49.620004,14:23:49.626434,0:00:02.899829,0:00:00.015200
topic2 ,PUB,9,86,14:23:49.632607,14:23:49.635272,0:00:02.908667,0:00:00.008838
topic2 ,PUB,9,87,14:23:49.644074,14:23:49.645565,0:00:02.918960,0:00:00.010293
topic2 ,PUB,9,88,14:23:49.655198,14:23:49.658336,0:00:02.931731,0:00:00.012771
topic2 ,PUB,9,89,14:23:49.677718,14:23:49.679840,0:00:02.953235,0:00:00.021504
topic2 ,PUB,9,90,14:23:49.689015,14:23:49.690531,0:00:02.963926,0:00:00.010691
topic2 ,PUB,9,91,14:23:49.699872,14:23:49.701612,0:00:02.975007,0:00:00.011081
topic2 ,PUB,9,92,14:23:49.711234,14:23:49.713024,0:00:02.986419,0:00:00.011412
topic2 ,PUB,9,93,14:23:49.722482,14:23:49.724513,0:00:02.997908,0:00:00.011489
topic2 ,PUB,9,94,14:23:49.733095,14:23:49.735122,0:00:03.008517,0:00:00.010609
topic2 ,PUB,9,95,14:23:49.745090,14:23:49.747942,0:00:03.021337,0:00:00.012820
topic2 ,PUB,9,96,14:23:49.755759,14:23:49.761062,0:00:03.034457,0:00:00.013120
topic2 ,PUB,9,97,14:23:49.766609,14:23:49.768822,0:00:03.042217,0:00:00.007760
topic2 ,PUB,9,98,14:23:49.777713,14:23:49.779200,0:00:03.052595,0:00:00.010378
topic2 ,PUB,9,99,14:23:49.788267,14:23:49.790192,0:00:03.063587,0:00:00.010992
topic2 ,PUB,9,100,14:23:49.799110,14:23:49.801975,0:00:03.075370,0:00:00.011783
topic2 ,PUB,9,101,14:23:49.812655,14:23:49.814584,0:00:03.087979,0:00:00.012609
topic2 ,PUB,9,102,14:23:49.823225,14:23:49.825425,0:00:03.098820,0:00:00.010841
topic2 ,PUB,9,103,14:23:49.835374,14:23:49.836849,0:00:03.110244,0:00:00.011424
topic2 ,PUB,9,104,14:23:49.847836,14:23:49.850441,0:00:03.123836,0:00:00.013592
topic2 ,PUB,9,105,14:23:49.868371,14:23:49.871050,0:00:03.144445,0:00:00.020609
topic2 ,PUB,9,106,14:23:49.879454,14:23:49.881526,0:00:03.154921,0:00:00.010476
topic2 ,PUB,9,107,14:23:49.891020,14:23:49.893037,0:00:03.166432,0:00:00.011511
topic2 ,PUB,9,108,14:23:49.902593,14:23:49.904022,0:00:03.177417,0:00:00.010985
topic2 ,PUB,9,109,14:23:49.913235,14:23:49.914888,0:00:03.188283,0:00:00.010866
topic2 ,PUB,9,110,14:23:49.923786,14:23:49.925855,0:00:03.199250,0:00:00.010967
topic2 ,PUB,9,111,14:23:49.934842,14:23:49.936774,0:00:03.210169,0:00:00.010919
topic2 ,PUB,9,112,14:23:49.946787,14:23:49.949069,0:00:03.222464,0:00:00.012295
topic2 ,PUB,9,113,14:23:49.957361,14:23:49.960052,0:00:03.233447,0:00:00.010983
topic2 ,PUB,9,114,14:23:49.968486,14:23:49.969848,0:00:03.243243,0:00:00.009796
topic2 ,PUB,9,115,14:23:49.979505,14:23:49.981192,0:00:03.254587,0:00:00.011344
topic2 ,PUB,9,116,14:23:49.990423,14:23:49.992185,0:00:03.265580,0:00:00.010993
topic2 ,PUB,9,117,14:23:50.001068,14:23:50.002885,0:00:03.276280,0:00:00.010700
topic2 ,PUB,9,118,14:23:50.011629,14:23:50.013243,0:00:03.286638,0:00:00.010358
topic2 ,PUB,9,119,14:23:50.023275,14:23:50.025125,0:00:03.298520,0:00:00.011882
topic2 ,PUB,9,120,14:23:50.034311,14:23:50.035714,0:00:03.309109,0:00:00.010589
topic2 ,PUB,9,121,14:23:50.045005,14:23:50.047974,0:00:03.321369,0:00:00.012260
topic2 ,PUB,9,122,14:23:50.056304,14:23:50.057882,0:00:03.331277,0:00:00.009908
topic2 ,PUB,9,123,14:23:50.066617,14:23:50.068372,0:00:03.341767,0:00:00.010490
topic2 ,PUB,9,124,14:23:50.077011,14:23:50.078383,0:00:03.351778,0:00:00.010011
topic2 ,PUB,9,125,14:23:50.087815,14:23:50.089298,0:00:03.362693,0:00:00.010915
topic2 ,PUB,9,126,14:23:50.098567,14:23:50.100530,0:00:03.373925,0:00:00.011232
topic2 ,PUB,9,127,14:23:50.110467,14:23:50.112035,0:00:03.385430,0:00:00.011505
topic2 ,PUB,9,128,14:23:50.121607,14:23:50.124633,0:00:03.398028,0:00:00.012598
topic2 ,PUB,9,129,14:23:50.132891,14:23:50.136110,0:00:03.409505,0:00:00.011477
topic2 ,PUB,9,130,14:23:50.143632,14:23:50.145489,0:00:03.418884,0:00:00.009379
topic2 ,PUB,9,131,14:23:50.157646,14:23:50.158728,0:00:03.432123,0:00:00.013239
topic2 ,PUB,9,132,14:23:50.188882,14:23:50.190242,0:00:03.463637,0:00:00.031514
topic2 ,PUB,9,133,14:23:50.200568,14:23:50.201132,0:00:03.474527,0:00:00.010890
topic2 ,PUB,9,134,14:23:50.211647,14:23:50.212533,0:00:03.485928,0:00:00.011401
topic2 ,PUB,9,135,14:23:50.237247,14:23:50.239272,0:00:03.512667,0:00:00.026739
topic2 ,PUB,9,136,14:23:50.247943,14:23:50.249225,0:00:03.522620,0:00:00.009953
topic2 ,PUB,9,137,14:23:50.259909,14:23:50.261712,0:00:03.535107,0:00:00.012487
topic2 ,PUB,9,138,14:23:50.270756,14:23:50.272161,0:00:03.545556,0:00:00.010449
topic2 ,PUB,9,139,14:23:50.282249,14:23:50.283335,0:00:03.556730,0:00:00.011174
topic2 ,PUB,9,140,14:23:50.293617,14:23:50.294811,0:00:03.568206,0:00:00.011476
topic2 ,PUB,9,141,14:23:50.304582,14:23:50.305716,0:00:03.579111,0:00:00.010905
topic2 ,PUB,9,142,14:23:50.316708,14:23:50.319792,0:00:03.593187,0:00:00.014076
topic2 ,PUB,9,143,14:23:50.328516,14:23:50.330837,0:00:03.604232,0:00:00.011045
topic2 ,PUB,9,144,14:23:50.354298,14:23:50.356936,0:00:03.630331,0:00:00.026099
topic2 ,PUB,9,145,14:23:50.366175,14:23:50.368280,0:00:03.641675,0:00:00.011344
topic2 ,PUB,9,146,14:23:50.381709,14:23:50.383765,0:00:03.657160,0:00:00.015485
topic2 ,PUB,9,147,14:23:50.394875,14:23:50.398024,0:00:03.671419,0:00:00.014259
topic2 ,PUB,9,148,14:23:50.410273,14:23:50.413696,0:00:03.687091,0:00:00.015672
topic2 ,PUB,9,149,14:23:50.421006,14:23:50.422579,0:00:03.695974,0:00:00.008883
topic2 ,PUB,9,150,14:23:50.431760,14:23:50.435365,0:00:03.708760,0:00:00.012786
topic2 ,PUB,9,151,14:23:50.442966,14:23:50.444725,0:00:03.718120,0:00:00.009360
topic2 ,PUB,9,152,14:23:50.454408,14:23:50.456388,0:00:03.729783,0:00:00.011663
topic2 ,PUB,9,153,14:23:50.464727,14:23:50.465376,0:00:03.738771,0:00:00.008988
topic2 ,PUB,9,154,14:23:50.475516,14:23:50.476703,0:00:03.750098,0:00:00.011327
topic2 ,PUB,9,155,14:23:50.486217,14:23:50.487065,0:00:03.760460,0:00:00.010362
topic2 ,PUB,9,156,14:23:50.496980,14:23:50.498226,0:00:03.771621,0:00:00.011161
topic2 ,PUB,9,157,14:23:50.508069,14:23:50.508872,0:00:03.782267,0:00:00.010646
topic2 ,PUB,9,158,14:23:50.518509,14:23:50.520214,0:00:03.793609,0:00:00.011342
topic2 ,PUB,9,159,14:23:50.529220,14:23:50.534077,0:00:03.807472,0:00:00.013863
topic2 ,PUB,9,160,14:23:50.540348,14:23:50.541358,0:00:03.814753,0:00:00.007281
topic2 ,PUB,9,161,14:23:50.551992,14:23:50.553249,0:00:03.826644,0:00:00.011891
topic2 ,PUB,9,162,14:23:50.564863,14:23:50.568636,0:00:03.842031,0:00:00.015387
topic2 ,PUB,9,163,14:23:50.575927,14:23:50.576621,0:00:03.850016,0:00:00.007985
topic2 ,PUB,9,164,14:23:50.590170,14:23:50.591760,0:00:03.865155,0:00:00.015139
topic2 ,PUB,9,165,14:23:50.605178,14:23:50.607052,0:00:03.880447,0:00:00.015292
topic2 ,PUB,9,166,14:23:50.618154,14:23:50.621040,0:00:03.894435,0:00:00.013988
topic2 ,PUB,9,167,14:23:50.636597,14:23:50.637206,0:00:03.910601,0:00:00.016166
topic2 ,PUB,9,168,14:23:50.648628,14:23:50.650588,0:00:03.923983,0:00:00.013382
topic2 ,PUB,9,169,14:23:50.659209,14:23:50.659921,0:00:03.933316,0:00:00.009333
topic2 ,PUB,9,170,14:23:50.671823,14:23:50.672417,0:00:03.945812,0:00:00.012496
topic2 ,PUB,9,171,14:23:50.682427,14:23:50.683103,0:00:03.956498,0:00:00.010686
topic2 ,PUB,9,172,14:23:50.693602,14:23:50.698396,0:00:03.971791,0:00:00.015293
topic2 ,PUB,9,173,14:23:50.704441,14:23:50.705855,0:00:03.979250,0:00:00.007459
topic2 ,PUB,9,174,14:23:50.724851,14:23:50.731628,0:00:04.005023,0:00:00.025773
topic2 ,PUB,9,175,14:23:50.736270,14:23:50.738197,0:00:04.011592,0:00:00.006569
topic2 ,PUB,9,176,14:23:50.747030,14:23:50.748422,0:00:04.021817,0:00:00.010225
topic2 ,PUB,9,177,14:23:50.758293,14:23:50.761515,0:00:04.034910,0:00:00.013093
topic2 ,PUB,9,178,14:23:50.768916,14:23:50.769767,0:00:04.043162,0:00:00.008252
topic2 ,PUB,9,179,14:23:50.779325,14:23:50.779785,0:00:04.053180,0:00:00.010018
topic2 ,PUB,9,180,14:23:50.791977,14:23:50.793956,0:00:04.067351,0:00:00.014171
topic2 ,PUB,9,181,14:23:50.804295,14:23:50.805527,0:00:04.078922,0:00:00.011571
topic2 ,PUB,9,182,14:23:50.824104,14:23:50.824860,0:00:04.098255,0:00:00.019333
topic2 ,PUB,9,183,14:23:50.835066,14:23:50.837116,0:00:04.110511,0:00:00.012256
topic2 ,PUB,9,184,14:23:50.848184,14:23:50.848864,0:00:04.122259,0:00:00.011748
topic2 ,PUB,9,185,14:23:50.860299,14:23:50.860921,0:00:04.134316,0:00:00.012057
topic2 ,PUB,9,186,14:23:50.870822,14:23:50.871662,0:00:04.145057,0:00:00.010741
topic2 ,PUB,9,187,14:23:50.894130,14:23:50.896868,0:00:04.170263,0:00:00.025206
topic2 ,PUB,9,188,14:23:50.904497,14:23:50.905743,0:00:04.179138,0:00:00.008875
topic2 ,PUB,9,189,14:23:50.915086,14:23:50.916515,0:00:04.189910,0:00:00.010772
topic2 ,PUB,9,190,14:23:50.926607,14:23:50.928886,0:00:04.202281,0:00:00.012371
topic2 ,PUB,9,191,14:23:50.937439,14:23:50.939274,0:00:04.212669,0:00:00.010388
topic2 ,PUB,9,192,14:23:50.951165,14:23:50.952395,0:00:04.225790,0:00:00.013121
topic2 ,PUB,9,193,14:23:50.981529,14:23:50.981964,0:00:04.255359,0:00:00.029569
topic2 ,PUB,9,194,14:23:50.992483,14:23:50.993739,0:00:04.267134,0:00:00.011775
topic2 ,PUB,9,195,14:23:51.005878,14:23:51.006489,0:00:04.279884,0:00:00.012750
topic2 ,PUB,9,196,14:23:51.024447,14:23:51.025649,0:00:04.299044,0:00:00.019160
topic2 ,PUB,9,197,14:23:51.037741,14:23:51.045270,0:00:04.318665,0:00:00.019621
topic2 ,PUB,9,198,14:23:51.058536,14:23:51.059982,0:00:04.333377,0:00:00.014712
topic2 ,PUB,9,199,14:23:51.069218,14:23:51.069938,0:00:04.343333,0:00:00.009956
hello now
use broker False
not using broker
initiating discovery client connection
tcp://10.0.0.1:5557
discovery client connection broadcast
dicts {"7": "10.0.0.7"}
pubs {'7': '10.0.0.7'} key 7
key 7 value 10.0.0.7 tcp://10.0.0.7:5556
# starting loop
topic2 ,PUB,7,0,14:25:08.518905,14:25:08.520471,0:00:01.878969,0:00:01.878969
topic2 ,PUB,7,1,14:25:08.535567,14:25:08.538208,0:00:01.896706,0:00:00.017737
topic2 ,PUB,7,2,14:25:08.546599,14:25:08.548132,0:00:01.906630,0:00:00.009924
topic2 ,PUB,7,3,14:25:08.557895,14:25:08.559171,0:00:01.917669,0:00:00.011039
topic2 ,PUB,7,4,14:25:08.568567,14:25:08.572220,0:00:01.930718,0:00:00.013049
topic2 ,PUB,7,5,14:25:08.580011,14:25:08.580950,0:00:01.939448,0:00:00.008730
topic2 ,PUB,7,6,14:25:08.590583,14:25:08.592047,0:00:01.950545,0:00:00.011097
topic2 ,PUB,7,7,14:25:08.601151,14:25:08.602165,0:00:01.960663,0:00:00.010118
topic2 ,PUB,7,8,14:25:08.612153,14:25:08.613588,0:00:01.972086,0:00:00.011423
topic2 ,PUB,7,9,14:25:08.622782,14:25:08.624313,0:00:01.982811,0:00:00.010725
topic2 ,PUB,7,10,14:25:08.633647,14:25:08.635184,0:00:01.993682,0:00:00.010871
topic2 ,PUB,7,11,14:25:08.645542,14:25:08.646372,0:00:02.004870,0:00:00.011188
topic2 ,PUB,7,12,14:25:08.657549,14:25:08.658593,0:00:02.017091,0:00:00.012221
topic2 ,PUB,7,13,14:25:08.670038,14:25:08.671663,0:00:02.030161,0:00:00.013070
topic2 ,PUB,7,14,14:25:08.680497,14:25:08.684764,0:00:02.043262,0:00:00.013101
topic2 ,PUB,7,15,14:25:08.691183,14:25:08.692184,0:00:02.050682,0:00:00.007420
topic2 ,PUB,7,16,14:25:08.703943,14:25:08.705080,0:00:02.063578,0:00:00.012896
topic2 ,PUB,7,17,14:25:08.714947,14:25:08.716296,0:00:02.074794,0:00:00.011216
topic2 ,PUB,7,18,14:25:08.729690,14:25:08.730881,0:00:02.089379,0:00:00.014585
topic2 ,PUB,7,19,14:25:08.740299,14:25:08.741497,0:00:02.099995,0:00:00.010616
topic2 ,PUB,7,20,14:25:08.771406,14:25:08.772625,0:00:02.131123,0:00:00.031128
topic2 ,PUB,7,21,14:25:08.783604,14:25:08.785213,0:00:02.143711,0:00:00.012588
topic2 ,PUB,7,22,14:25:08.796204,14:25:08.797703,0:00:02.156201,0:00:00.012490
topic2 ,PUB,7,23,14:25:08.809075,14:25:08.810993,0:00:02.169491,0:00:00.013290
topic2 ,PUB,7,24,14:25:08.821455,14:25:08.823013,0:00:02.181511,0:00:00.012020
topic2 ,PUB,7,25,14:25:08.832164,14:25:08.833461,0:00:02.191959,0:00:00.010448
topic2 ,PUB,7,26,14:25:08.843576,14:25:08.845151,0:00:02.203649,0:00:00.011690
topic2 ,PUB,7,27,14:25:08.854966,14:25:08.856698,0:00:02.215196,0:00:00.011547
topic2 ,PUB,7,28,14:25:08.866088,14:25:08.868259,0:00:02.226757,0:00:00.011561
topic2 ,PUB,7,29,14:25:08.876830,14:25:08.877948,0:00:02.236446,0:00:00.009689
topic2 ,PUB,7,30,14:25:08.887396,14:25:08.888561,0:00:02.247059,0:00:00.010613
topic2 ,PUB,7,31,14:25:08.897955,14:25:08.900144,0:00:02.258642,0:00:00.011583
topic2 ,PUB,7,32,14:25:08.908886,14:25:08.910050,0:00:02.268548,0:00:00.009906
topic2 ,PUB,7,33,14:25:08.919581,14:25:08.920531,0:00:02.279029,0:00:00.010481
topic2 ,PUB,7,34,14:25:08.930366,14:25:08.931980,0:00:02.290478,0:00:00.011449
topic2 ,PUB,7,35,14:25:08.941041,14:25:08.942458,0:00:02.300956,0:00:00.010478
topic2 ,PUB,7,36,14:25:08.951965,14:25:08.953166,0:00:02.311664,0:00:00.010708
topic2 ,PUB,7,37,14:25:08.962301,14:25:08.963632,0:00:02.322130,0:00:00.010466
topic2 ,PUB,7,38,14:25:08.973306,14:25:08.974488,0:00:02.332986,0:00:00.010856
topic2 ,PUB,7,39,14:25:08.983631,14:25:08.984789,0:00:02.343287,0:00:00.010301
topic2 ,PUB,7,40,14:25:08.994867,14:25:08.996293,0:00:02.354791,0:00:00.011504
topic2 ,PUB,7,41,14:25:09.006439,14:25:09.007728,0:00:02.366226,0:00:00.011435
topic2 ,PUB,7,42,14:25:09.016868,14:25:09.017831,0:00:02.376329,0:00:00.010103
topic2 ,PUB,7,43,14:25:09.028387,14:25:09.036443,0:00:02.394941,0:00:00.018612
topic2 ,PUB,7,44,14:25:09.042422,14:25:09.044304,0:00:02.402802,0:00:00.007861
topic2 ,PUB,7,45,14:25:09.053079,14:25:09.054344,0:00:02.412842,0:00:00.010040
topic2 ,PUB,7,46,14:25:09.063452,14:25:09.064724,0:00:02.423222,0:00:00.010380
topic2 ,PUB,7,47,14:25:09.080358,14:25:09.082182,0:00:02.440680,0:00:00.017458
topic2 ,PUB,7,48,14:25:09.112333,14:25:09.116058,0:00:02.474556,0:00:00.033876
topic2 ,PUB,7,49,14:25:09.125440,14:25:09.128417,0:00:02.486915,0:00:00.012359
topic2 ,PUB,7,50,14:25:09.136156,14:25:09.137503,0:00:02.496001,0:00:00.009086
topic2 ,PUB,7,51,14:25:09.147914,14:25:09.150529,0:00:02.509027,0:00:00.013026
topic2 ,PUB,7,52,14:25:09.159111,14:25:09.175915,0:00:02.534413,0:00:00.025386
topic2 ,PUB,7,53,14:25:09.170776,14:25:09.176112,0:00:02.534610,0:00:00.000197
topic2 ,PUB,7,54,14:25:09.214529,14:25:09.223460,0:00:02.581958,0:00:00.047348
topic2 ,PUB,7,55,14:25:09.239135,14:25:09.240910,0:00:02.599408,0:00:00.017450
topic2 ,PUB,7,56,14:25:09.251551,14:25:09.252985,0:00:02.611483,0:00:00.012075
topic2 ,PUB,7,57,14:25:09.267656,14:25:09.270353,0:00:02.628851,0:00:00.017368
topic2 ,PUB,7,58,14:25:09.287446,14:25:09.289894,0:00:02.648392,0:00:00.019541
topic2 ,PUB,7,59,14:25:09.298388,14:25:09.300565,0:00:02.659063,0:00:00.010671
topic2 ,PUB,7,60,14:25:09.310277,14:25:09.311670,0:00:02.670168,0:00:00.011105
topic2 ,PUB,7,61,14:25:09.323240,14:25:09.326183,0:00:02.684681,0:00:00.014513
topic2 ,PUB,7,62,14:25:09.338876,14:25:09.340750,0:00:02.699248,0:00:00.014567
topic2 ,PUB,7,63,14:25:09.350831,14:25:09.352827,0:00:02.711325,0:00:00.012077
topic2 ,PUB,7,64,14:25:09.362190,14:25:09.366159,0:00:02.724657,0:00:00.013332
topic2 ,PUB,7,65,14:25:09.374043,14:25:09.380902,0:00:02.739400,0:00:00.014743
topic2 ,PUB,7,66,14:25:09.389242,14:25:09.393316,0:00:02.751814,0:00:00.012414
topic2 ,PUB,7,67,14:25:09.400417,14:25:09.404584,0:00:02.763082,0:00:00.011268
topic2 ,PUB,7,68,14:25:09.411681,14:25:09.414478,0:00:02.772976,0:00:00.009894
topic2 ,PUB,7,69,14:25:09.422832,14:25:09.425226,0:00:02.783724,0:00:00.010748
topic2 ,PUB,7,70,14:25:09.434619,14:25:09.436706,0:00:02.795204,0:00:00.011480
topic2 ,PUB,7,71,14:25:09.445048,14:25:09.447923,0:00:02.806421,0:00:00.011217
topic2 ,PUB,7,72,14:25:09.456065,14:25:09.457800,0:00:02.816298,0:00:00.009877
topic2 ,PUB,7,73,14:25:09.466694,14:25:09.468434,0:00:02.826932,0:00:00.010634
topic2 ,PUB,7,74,14:25:09.477817,14:25:09.479957,0:00:02.838455,0:00:00.011523
topic2 ,PUB,7,75,14:25:09.488483,14:25:09.491672,0:00:02.850170,0:00:00.011715
topic2 ,PUB,7,76,14:25:09.500070,14:25:09.501447,0:00:02.859945,0:00:00.009775
topic2 ,PUB,7,77,14:25:09.510902,14:25:09.513331,0:00:02.871829,0:00:00.011884
topic2 ,PUB,7,78,14:25:09.521829,14:25:09.524905,0:00:02.883403,0:00:00.011574
topic2 ,PUB,7,79,14:25:09.534437,14:25:09.537353,0:00:02.895851,0:00:00.012448
topic2 ,PUB,7,80,14:25:09.545669,14:25:09.547923,0:00:02.906421,0:00:00.010570
topic2 ,PUB,7,81,14:25:09.556453,14:25:09.559012,0:00:02.917510,0:00:00.011089
topic2 ,PUB,7,82,14:25:09.568286,14:25:09.569641,0:00:02.928139,0:00:00.010629
topic2 ,PUB,7,83,14:25:09.579090,14:25:09.581300,0:00:02.939798,0:00:00.011659
topic2 ,PUB,7,84,14:25:09.591626,14:25:09.593855,0:00:02.952353,0:00:00.012555
topic2 ,PUB,7,85,14:25:09.603609,14:25:09.611802,0:00:02.970300,0:00:00.017947
topic2 ,PUB,7,86,14:25:09.614575,14:25:09.618457,0:00:02.976955,0:00:00.006655
topic2 ,PUB,7,87,14:25:09.626406,14:25:09.628600,0:00:02.987098,0:00:00.010143
topic2 ,PUB,7,88,14:25:09.639603,14:25:09.641347,0:00:02.999845,0:00:00.012747
topic2 ,PUB,7,89,14:25:09.652278,14:25:09.683729,0:00:03.042227,0:00:00.042382
topic2 ,PUB,7,90,14:25:09.681353,14:25:09.683946,0:00:03.042444,0:00:00.000217
topic2 ,PUB,7,91,14:25:09.692953,14:25:09.694950,0:00:03.053448,0:00:00.011004
topic2 ,PUB,7,92,14:25:09.704349,14:25:09.711962,0:00:03.070460,0:00:00.017012
topic2 ,PUB,7,93,14:25:09.715678,14:25:09.725047,0:00:03.083545,0:00:00.013085
topic2 ,PUB,7,94,14:25:09.726641,14:25:09.729146,0:00:03.087644,0:00:00.004099
topic2 ,PUB,7,95,14:25:09.737469,14:25:09.739523,0:00:03.098021,0:00:00.010377
topic2 ,PUB,7,96,14:25:09.748865,14:25:09.750029,0:00:03.108527,0:00:00.010506
topic2 ,PUB,7,97,14:25:09.759848,14:25:09.764085,0:00:03.122583,0:00:00.014056
topic2 ,PUB,7,98,14:25:09.770945,14:25:09.781913,0:00:03.140411,0:00:00.017828
topic2 ,PUB,7,99,14:25:09.782228,14:25:09.785187,0:00:03.143685,0:00:00.003274
topic2 ,PUB,7,100,14:25:09.793170,14:25:09.795754,0:00:03.154252,0:00:00.010567
topic2 ,PUB,7,101,14:25:09.804593,14:25:09.806735,0:00:03.165233,0:00:00.010981
topic2 ,PUB,7,102,14:25:09.815679,14:25:09.818120,0:00:03.176618,0:00:00.011385
topic2 ,PUB,7,103,14:25:09.829761,14:25:09.831982,0:00:03.190480,0:00:00.013862
topic2 ,PUB,7,104,14:25:09.848217,14:25:09.849797,0:00:03.208295,0:00:00.017815
topic2 ,PUB,7,105,14:25:09.859860,14:25:09.861890,0:00:03.220388,0:00:00.012093
topic2 ,PUB,7,106,14:25:09.871121,14:25:09.872478,0:00:03.230976,0:00:00.010588
topic2 ,PUB,7,107,14:25:09.883107,14:25:09.887921,0:00:03.246419,0:00:00.015443
topic2 ,PUB,7,108,14:25:09.901129,14:25:09.904062,0:00:03.262560,0:00:00.016141
topic2 ,PUB,7,109,14:25:09.912294,14:25:09.913875,0:00:03.272373,0:00:00.009813
topic2 ,PUB,7,110,14:25:09.922891,14:25:09.925041,0:00:03.283539,0:00:00.011166
topic2 ,PUB,7,111,14:25:09.934004,14:25:09.936575,0:00:03.295073,0:00:00.011534
topic2 ,PUB,7,112,14:25:09.945029,14:25:09.946375,0:00:03.304873,0:00:00.009800
topic2 ,PUB,7,113,14:25:09.955925,14:25:09.957284,0:00:03.315782,0:00:00.010909
topic2 ,PUB,7,114,14:25:09.967064,14:25:09.968368,0:00:03.326866,0:00:00.011084
topic2 ,PUB,7,115,14:25:09.978704,14:25:09.981338,0:00:03.339836,0:00:00.012970
topic2 ,PUB,7,116,14:25:09.992157,14:25:09.995567,0:00:03.354065,0:00:00.014229
topic2 ,PUB,7,117,14:25:10.003995,14:25:10.005458,0:00:03.363956,0:00:00.009891
topic2 ,PUB,7,118,14:25:10.015587,14:25:10.017366,0:00:03.375864,0:00:00.011908
topic2 ,PUB,7,119,14:25:10.029034,14:25:10.030271,0:00:03.388769,0:00:00.012905
topic2 ,PUB,7,120,14:25:10.042217,14:25:10.044646,0:00:03.403144,0:00:00.014375
topic2 ,PUB,7,121,14:25:10.052888,14:25:10.054690,0:00:03.413188,0:00:00.010044
topic2 ,PUB,7,122,14:25:10.069056,14:25:10.076061,0:00:03.434559,0:00:00.021371
topic2 ,PUB,7,123,14:25:10.084071,14:25:10.085859,0:00:03.444357,0:00:00.009798
topic2 ,PUB,7,124,14:25:10.095881,14:25:10.098364,0:00:03.456862,0:00:00.012505
topic2 ,PUB,7,125,14:25:10.107641,14:25:10.110279,0:00:03.468777,0:00:00.011915
topic2 ,PUB,7,126,14:25:10.120192,14:25:10.122034,0:00:03.480532,0:00:00.011755
topic2 ,PUB,7,127,14:25:10.132805,14:25:10.134309,0:00:03.492807,0:00:00.012275
topic2 ,PUB,7,128,14:25:10.144966,14:25:10.146449,0:00:03.504947,0:00:00.012140
topic2 ,PUB,7,129,14:25:10.159747,14:25:10.161291,0:00:03.519789,0:00:00.014842
topic2 ,PUB,7,130,14:25:10.171817,14:25:10.173077,0:00:03.531575,0:00:00.011786
topic2 ,PUB,7,131,14:25:10.199750,14:25:10.202201,0:00:03.560699,0:00:00.029124
topic2 ,PUB,7,132,14:25:10.211230,14:25:10.212862,0:00:03.571360,0:00:00.010661
topic2 ,PUB,7,133,14:25:10.222662,14:25:10.224038,0:00:03.582536,0:00:00.011176
topic2 ,PUB,7,134,14:25:10.233811,14:25:10.236461,0:00:03.594959,0:00:00.012423
topic2 ,PUB,7,135,14:25:10.246882,14:25:10.248998,0:00:03.607496,0:00:00.012537
topic2 ,PUB,7,136,14:25:10.260261,14:25:10.263148,0:00:03.621646,0:00:00.014150
topic2 ,PUB,7,137,14:25:10.277958,14:25:10.289040,0:00:03.647538,0:00:00.025892
topic2 ,PUB,7,138,14:25:10.305359,14:25:10.307512,0:00:03.666010,0:00:00.018472
topic2 ,PUB,7,139,14:25:10.327515,14:25:10.332297,0:00:03.690795,0:00:00.024785
topic2 ,PUB,7,140,14:25:10.338214,14:25:10.339510,0:00:03.698008,0:00:00.007213
topic2 ,PUB,7,141,14:25:10.351222,14:25:10.353241,0:00:03.711739,0:00:00.013731
topic2 ,PUB,7,142,14:25:10.362041,14:25:10.364030,0:00:03.722528,0:00:00.010789
topic2 ,PUB,7,143,14:25:10.372867,14:25:10.374213,0:00:03.732711,0:00:00.010183
topic2 ,PUB,7,144,14:25:10.384226,14:25:10.385557,0:00:03.744055,0:00:00.011344
topic2 ,PUB,7,145,14:25:10.394847,14:25:10.396809,0:00:03.755307,0:00:00.011252
topic2 ,PUB,7,146,14:25:10.407101,14:25:10.409046,0:00:03.767544,0:00:00.012237
topic2 ,PUB,7,147,14:25:10.420096,14:25:10.422114,0:00:03.780612,0:00:00.013068
topic2 ,PUB,7,148,14:25:10.431031,14:25:10.433365,0:00:03.791863,0:00:00.011251
topic2 ,PUB,7,149,14:25:10.444021,14:25:10.446325,0:00:03.804823,0:00:00.012960
topic2 ,PUB,7,150,14:25:10.460139,14:25:10.462691,0:00:03.821189,0:00:00.016366
topic2 ,PUB,7,151,14:25:10.470923,14:25:10.471881,0:00:03.830379,0:00:00.009190
topic2 ,PUB,7,152,14:25:10.481578,14:25:10.483087,0:00:03.841585,0:00:00.011206
topic2 ,PUB,7,153,14:25:10.496031,14:25:10.498617,0:00:03.857115,0:00:00.015530
topic2 ,PUB,7,154,14:25:10.509731,14:25:10.511348,0:00:03.869846,0:00:00.012731
topic2 ,PUB,7,155,14:25:10.521435,14:25:10.525054,0:00:03.883552,0:00:00.013706
topic2 ,PUB,7,156,14:25:10.535868,14:25:10.537239,0:00:03.895737,0:00:00.012185
topic2 ,PUB,7,157,14:25:10.546981,14:25:10.548830,0:00:03.907328,0:00:00.011591
topic2 ,PUB,7,158,14:25:10.560608,14:25:10.561964,0:00:03.920462,0:00:00.013134
topic2 ,PUB,7,159,14:25:10.571578,14:25:10.573693,0:00:03.932191,0:00:00.011729
topic2 ,PUB,7,160,14:25:10.584787,14:25:10.586250,0:00:03.944748,0:00:00.012557
topic2 ,PUB,7,161,14:25:10.601780,14:25:10.604755,0:00:03.963253,0:00:00.018505
topic2 ,PUB,7,162,14:25:10.613562,14:25:10.615144,0:00:03.973642,0:00:00.010389
topic2 ,PUB,7,163,14:25:10.630766,14:25:10.634671,0:00:03.993169,0:00:00.019527
topic2 ,PUB,7,164,14:25:10.644012,14:25:10.647033,0:00:04.005531,0:00:00.012362
topic2 ,PUB,7,165,14:25:10.655630,14:25:10.660561,0:00:04.019059,0:00:00.013528
topic2 ,PUB,7,166,14:25:10.668300,14:25:10.671886,0:00:04.030384,0:00:00.011325
topic2 ,PUB,7,167,14:25:10.683358,14:25:10.686932,0:00:04.045430,0:00:00.015046
topic2 ,PUB,7,168,14:25:10.694153,14:25:10.695788,0:00:04.054286,0:00:00.008856
topic2 ,PUB,7,169,14:25:10.704518,14:25:10.709147,0:00:04.067645,0:00:00.013359
topic2 ,PUB,7,170,14:25:10.716208,14:25:10.717903,0:00:04.076401,0:00:00.008756
topic2 ,PUB,7,171,14:25:10.727642,14:25:10.729417,0:00:04.087915,0:00:00.011514
topic2 ,PUB,7,172,14:25:10.744545,14:25:10.745609,0:00:04.104107,0:00:00.016192
topic2 ,PUB,7,173,14:25:10.759742,14:25:10.761626,0:00:04.120124,0:00:00.016017
topic2 ,PUB,7,174,14:25:10.773205,14:25:10.777305,0:00:04.135803,0:00:00.015679
topic2 ,PUB,7,175,14:25:10.792059,14:25:10.795875,0:00:04.154373,0:00:00.018570
topic2 ,PUB,7,176,14:25:10.804390,14:25:10.807713,0:00:04.166211,0:00:00.011838
topic2 ,PUB,7,177,14:25:10.818318,14:25:10.822093,0:00:04.180591,0:00:00.014380
topic2 ,PUB,7,178,14:25:10.832493,14:25:10.833628,0:00:04.192126,0:00:00.011535
topic2 ,PUB,7,179,14:25:10.843698,14:25:10.844835,0:00:04.203333,0:00:00.011207
topic2 ,PUB,7,180,14:25:10.855168,14:25:10.857937,0:00:04.216435,0:00:00.013102
topic2 ,PUB,7,181,14:25:10.866154,14:25:10.867424,0:00:04.225922,0:00:00.009487
topic2 ,PUB,7,182,14:25:10.877304,14:25:10.881175,0:00:04.239673,0:00:00.013751
topic2 ,PUB,7,183,14:25:10.892913,14:25:10.893969,0:00:04.252467,0:00:00.012794
topic2 ,PUB,7,184,14:25:10.903637,14:25:10.906824,0:00:04.265322,0:00:00.012855
topic2 ,PUB,7,185,14:25:10.915095,14:25:10.918172,0:00:04.276670,0:00:00.011348
topic2 ,PUB,7,186,14:25:10.927341,14:25:10.929158,0:00:04.287656,0:00:00.010986
topic2 ,PUB,7,187,14:25:10.941564,14:25:10.943261,0:00:04.301759,0:00:00.014103
topic2 ,PUB,7,188,14:25:10.952611,14:25:10.954060,0:00:04.312558,0:00:00.010799
topic2 ,PUB,7,189,14:25:10.963037,14:25:10.964136,0:00:04.322634,0:00:00.010076
topic2 ,PUB,7,190,14:25:10.975705,14:25:10.977906,0:00:04.336404,0:00:00.013770
topic2 ,PUB,7,191,14:25:10.988868,14:25:10.991878,0:00:04.350376,0:00:00.013972
topic2 ,PUB,7,192,14:25:10.999632,14:25:11.002084,0:00:04.360582,0:00:00.010206
topic2 ,PUB,7,193,14:25:11.010816,14:25:11.014104,0:00:04.372602,0:00:00.012020
topic2 ,PUB,7,194,14:25:11.024024,14:25:11.025925,0:00:04.384423,0:00:00.011821
topic2 ,PUB,7,195,14:25:11.085238,14:25:11.089080,0:00:04.447578,0:00:00.063155
topic2 ,PUB,7,196,14:25:11.096188,14:25:11.098478,0:00:04.456976,0:00:00.009398
topic2 ,PUB,7,197,14:25:11.107519,14:25:11.109381,0:00:04.467879,0:00:00.010903
topic2 ,PUB,7,198,14:25:11.118263,14:25:11.120517,0:00:04.479015,0:00:00.011136
topic2 ,PUB,7,199,14:25:11.129825,14:25:11.130809,0:00:04.489307,0:00:00.010292
